 ==================================================================
              SRIM version ---> SRIM-2013.00
              Calc. date   ---> mars 23, 2022 
 ==================================================================

 Disk File Name = SRIM Outputs\1H_propane.txt

 Ion = Hydrogen [1] , Mass = 1,008 amu

 Target Density =  1,8794E-03 g/cm3 = 2,8234E+20 atoms/cm3
 Target is a GAS 
 ======= Target  Composition ========
    Atom   Atom   Atomic    Mass     
    Name   Numb   Percent   Percent  
    ----   ----   -------   -------  
      H      1    072,73    018,29   
      C      6    027,27    081,71   
 ====================================
 Bragg Correction = 4,68%
 Stopping Units =  MeV / (mg/cm2) 
 See bottom of Table for other Stopping units 

        Ion        dE/dx      dE/dx     Projected  Longitudinal   Lateral
       Energy      Elec.      Nuclear     Range     Straggling   Straggling
  --------------  ---------- ---------- ----------  ----------  ----------
  10,00 keV   8,217E-01  1,121E-02   85,21 um    15,80 um    17,53 um  
  11,00 keV   8,571E-01  1,045E-02   91,16 um    16,16 um    18,13 um  
  12,00 keV   8,902E-01  9,801E-03   96,91 um    16,49 um    18,69 um  
  13,00 keV   9,213E-01  9,234E-03  102,48 um    16,78 um    19,19 um  
  14,00 keV   9,504E-01  8,737E-03  107,90 um    17,04 um    19,66 um  
  15,00 keV   9,779E-01  8,295E-03  113,18 um    17,28 um    20,10 um  
  16,00 keV   1,004E+00  7,900E-03  118,33 um    17,51 um    20,51 um  
  17,00 keV   1,028E+00  7,545E-03  123,36 um    17,71 um    20,90 um  
  18,00 keV   1,051E+00  7,223E-03  128,29 um    17,91 um    21,27 um  
  20,00 keV   1,094E+00  6,662E-03  137,89 um    18,28 um    21,94 um  
  22,50 keV   1,140E+00  6,083E-03  149,44 um    18,70 um    22,70 um  
  25,00 keV   1,181E+00  5,605E-03  160,60 um    19,07 um    23,38 um  
  27,50 keV   1,217E+00  5,202E-03  171,43 um    19,41 um    24,01 um  
  30,00 keV   1,248E+00  4,858E-03  182,00 um    19,71 um    24,58 um  
  32,50 keV   1,275E+00  4,560E-03  192,33 um    19,99 um    25,11 um  
  35,00 keV   1,299E+00  4,300E-03  202,48 um    20,25 um    25,61 um  
  37,50 keV   1,319E+00  4,070E-03  212,47 um    20,49 um    26,08 um  
  40,00 keV   1,337E+00  3,866E-03  222,33 um    20,71 um    26,53 um  
  45,00 keV   1,365E+00  3,517E-03  241,74 um    21,21 um    27,36 um  
  50,00 keV   1,385E+00  3,230E-03  260,84 um    21,68 um    28,12 um  
  55,00 keV   1,398E+00  2,990E-03  279,75 um    22,11 um    28,84 um  
  60,00 keV   1,404E+00  2,786E-03  298,54 um    22,51 um    29,52 um  
  65,00 keV   1,406E+00  2,610E-03  317,30 um    22,90 um    30,16 um  
  70,00 keV   1,404E+00  2,456E-03  336,07 um    23,27 um    30,78 um  
  80,00 keV   1,389E+00  2,201E-03  373,87 um    24,28 um    31,97 um  
  90,00 keV   1,365E+00  1,997E-03  412,25 um    25,25 um    33,11 um  
 100,00 keV   1,334E+00  1,829E-03  451,44 um    26,21 um    34,22 um  
 110,00 keV   1,299E+00  1,690E-03  491,63 um    27,17 um    35,32 um  
 120,00 keV   1,263E+00  1,571E-03  532,96 um    28,13 um    36,41 um  
 130,00 keV   1,225E+00  1,470E-03  575,53 um    29,10 um    37,52 um  
 140,00 keV   1,188E+00  1,381E-03  619,42 um    30,09 um    38,63 um  
 150,00 keV   1,152E+00  1,303E-03  664,69 um    31,10 um    39,76 um  
 160,00 keV   1,117E+00  1,234E-03  711,40 um    32,14 um    40,91 um  
 170,00 keV   1,084E+00  1,173E-03  759,56 um    33,20 um    42,09 um  
 180,00 keV   1,052E+00  1,117E-03  809,22 um    34,28 um    43,29 um  
 200,00 keV   9,921E-01  1,022E-03  913,05 um    37,97 um    45,79 um  
 225,00 keV   9,262E-01  9,243E-04    1,05 mm    43,53 um    49,10 um  
 250,00 keV   8,687E-01  8,449E-04    1,20 mm    49,12 um    52,63 um  
 275,00 keV   8,184E-01  7,787E-04    1,36 mm    54,76 um    56,39 um  
 300,00 keV   7,742E-01  7,228E-04    1,52 mm    60,47 um    60,39 um  
 325,00 keV   7,351E-01  6,748E-04    1,70 mm    66,27 um    64,61 um  
 350,00 keV   7,002E-01  6,331E-04    1,88 mm    72,15 um    69,07 um  
 375,00 keV   6,690E-01  5,965E-04    2,08 mm    78,12 um    73,76 um  
 400,00 keV   6,409E-01  5,642E-04    2,28 mm    84,18 um    78,67 um  
 450,00 keV   5,922E-01  5,096E-04    2,71 mm   105,70 um    89,15 um  
 500,00 keV   5,514E-01  4,651E-04    3,18 mm   126,25 um   100,48 um  
 550,00 keV   5,166E-01  4,282E-04    3,67 mm   146,37 um   112,63 um  
 600,00 keV   4,865E-01  3,969E-04    4,20 mm   166,34 um   125,55 um  
 650,00 keV   4,601E-01  3,702E-04    4,76 mm   186,30 um   139,24 um  
 700,00 keV   4,367E-01  3,470E-04    5,36 mm   206,36 um   153,66 um  
 800,00 keV   3,968E-01  3,087E-04    6,63 mm   277,90 um   184,67 um  
 900,00 keV   3,637E-01  2,785E-04    8,03 mm   344,97 um   218,50 um  
   1,00 MeV   3,354E-01  2,538E-04    9,55 mm   410,65 um   255,12 um  
   1,10 MeV   3,099E-01  2,334E-04   11,20 mm   476,56 um   294,63 um  
   1,20 MeV   2,847E-01  2,162E-04   12,99 mm   544,32 um   337,38 um  
   1,30 MeV   2,657E-01  2,014E-04   14,92 mm   614,24 um   383,48 um  
   1,40 MeV   2,495E-01  1,887E-04   16,98 mm   685,66 um   432,71 um  
   1,50 MeV   2,354E-01  1,775E-04   19,17 mm   758,53 um   485,01 um  
   1,60 MeV   2,231E-01  1,677E-04   21,49 mm   832,82 um   540,29 um  
   1,70 MeV   2,122E-01  1,589E-04   23,93 mm   908,44 um   598,49 um  
   1,80 MeV   2,027E-01  1,510E-04   26,50 mm   985,31 um   659,52 um  
   2,00 MeV   1,864E-01  1,375E-04   31,96 mm     1,27 mm   789,77 um  
   2,25 MeV   1,701E-01  1,239E-04   39,42 mm     1,66 mm   967,15 um  
   2,50 MeV   1,568E-01  1,128E-04   47,56 mm     2,04 mm     1,16 mm  
   2,75 MeV   1,456E-01  1,036E-04   56,35 mm     2,41 mm     1,37 mm  
   3,00 MeV   1,361E-01  9,583E-05   65,78 mm     2,77 mm     1,59 mm  
   3,25 MeV   1,279E-01  8,921E-05   75,85 mm     3,14 mm     1,83 mm  
   3,50 MeV   1,207E-01  8,348E-05   86,53 mm     3,51 mm     2,07 mm  
   3,75 MeV   1,144E-01  7,848E-05   97,84 mm     3,88 mm     2,34 mm  
   4,00 MeV   1,087E-01  7,407E-05  109,75 mm     4,26 mm     2,61 mm  
   4,50 MeV   9,905E-02  6,664E-05  135,35 mm     5,64 mm     3,21 mm  
   5,00 MeV   9,109E-02  6,062E-05  163,33 mm     6,94 mm     3,85 mm  
   5,50 MeV   8,441E-02  5,564E-05  193,63 mm     8,21 mm     4,54 mm  
   6,00 MeV   7,872E-02  5,144E-05  226,22 mm     9,48 mm     5,28 mm  
   6,50 MeV   7,380E-02  4,786E-05  261,08 mm    10,75 mm     6,07 mm  
   7,00 MeV   6,952E-02  4,477E-05  298,17 mm    12,03 mm     6,91 mm  
   8,00 MeV   6,239E-02  3,968E-05  378,88 mm    16,72 mm     8,72 mm  
   9,00 MeV   5,669E-02  3,567E-05  468,24 mm    21,09 mm    10,72 mm  
  10,00 MeV   5,202E-02  3,242E-05  566,12 mm    25,38 mm    12,90 mm  
  11,00 MeV   4,812E-02  2,974E-05  672,35 mm    29,66 mm    15,25 mm  
  12,00 MeV   4,480E-02  2,748E-05  786,81 mm    33,97 mm    17,78 mm  
  13,00 MeV   4,196E-02  2,556E-05  909,38 mm    38,33 mm    20,47 mm  
  14,00 MeV   3,948E-02  2,389E-05    1,04 m     42,76 mm    23,34 mm  
  15,00 MeV   3,730E-02  2,244E-05    1,18 m     47,26 mm    26,36 mm  
  16,00 MeV   3,537E-02  2,116E-05    1,32 m     51,84 mm    29,55 mm  
  17,00 MeV   3,365E-02  2,003E-05    1,48 m     56,50 mm    32,90 mm  
  18,00 MeV   3,211E-02  1,901E-05    1,64 m     61,23 mm    36,40 mm  
  20,00 MeV   2,944E-02  1,727E-05    1,99 m     78,89 mm    43,88 mm  
  22,50 MeV   2,672E-02  1,551E-05    2,46 m    104,17 mm    54,09 mm  
  25,00 MeV   2,451E-02  1,409E-05    2,98 m    128,16 mm    65,22 mm  
  27,50 MeV   2,266E-02  1,291E-05    3,54 m    151,70 mm    77,26 mm  
  30,00 MeV   2,110E-02  1,192E-05    4,15 m    175,18 mm    90,18 mm  
  32,50 MeV   1,977E-02  1,108E-05    4,80 m    198,76 mm   103,97 mm  
  35,00 MeV   1,861E-02  1,035E-05    5,49 m    222,57 mm   118,60 mm  
  37,50 MeV   1,759E-02  9,721E-06    6,23 m    246,66 mm   134,06 mm  
  40,00 MeV   1,669E-02  9,162E-06    7,00 m    271,06 mm   150,33 mm  
  45,00 MeV   1,518E-02  8,224E-06    8,67 m    361,59 mm   185,26 mm  
  50,00 MeV   1,394E-02  7,466E-06   10,50 m    446,63 mm   223,28 mm  
  55,00 MeV   1,292E-02  6,840E-06   12,48 m    529,53 mm   264,26 mm  
  60,00 MeV   1,206E-02  6,314E-06   14,61 m    611,72 mm   308,12 mm  
  65,00 MeV   1,132E-02  5,866E-06   16,89 m    693,91 mm   354,77 mm  
  70,00 MeV   1,068E-02  5,479E-06   19,30 m    776,50 mm   404,12 mm  
  80,00 MeV   9,629E-03  4,845E-06   24,55 m      1,08 m    510,60 mm  
  90,00 MeV   8,799E-03  4,346E-06   30,32 m      1,36 m    626,97 mm  
 100,00 MeV   8,126E-03  3,944E-06   36,61 m      1,63 m    752,69 mm  
-----------------------------------------------------------
 Multiply Stopping by        for Stopping Units
 -------------------        ------------------
  1,8793E-02                 eV / Angstrom 
  1,8793E-01                keV / micron   
  1,8793E-01                MeV / mm       
  1,0000E+00                keV / (ug/cm2) 
  1,0000E+00                MeV / (mg/cm2) 
  1,0000E+03                keV / (mg/cm2) 
  6,6562E+00                 eV / (1E15 atoms/cm2)
  2,7588E+00                L.S.S. reduced units
 ==================================================================
 (C) 1984,1989,1992,1998,2008 by J.P. Biersack and J.F. Ziegler
