 ==================================================================
              SRIM version ---> SRIM-2013.00
              Calc. date   ---> mars 23, 2022 
 ==================================================================

 Disk File Name = SRIM Outputs\2H_propane.txt

 Ion = Hydrogen [1] , Mass = 2,014 amu

 Target Density =  1,8794E-03 g/cm3 = 2,8234E+20 atoms/cm3
 Target is a GAS 
 ======= Target  Composition ========
    Atom   Atom   Atomic    Mass     
    Name   Numb   Percent   Percent  
    ----   ----   -------   -------  
      H      1    072,73    018,29   
      C      6    027,27    081,71   
 ====================================
 Bragg Correction = 4,68%
 Stopping Units =  MeV / (mg/cm2) 
 See bottom of Table for other Stopping units 

        Ion        dE/dx      dE/dx     Projected  Longitudinal   Lateral
       Energy      Elec.      Nuclear     Range     Straggling   Straggling
  --------------  ---------- ---------- ----------  ----------  ----------
  10,00 keV   5,972E-01  2,099E-02  107,14 um    20,82 um    22,65 um  
  11,00 keV   6,246E-01  1,960E-02  115,07 um    21,42 um    23,59 um  
  12,00 keV   6,506E-01  1,841E-02  122,73 um    21,95 um    24,44 um  
  13,00 keV   6,753E-01  1,737E-02  130,16 um    22,44 um    25,23 um  
  14,00 keV   6,989E-01  1,645E-02  137,36 um    22,87 um    25,97 um  
  15,00 keV   7,216E-01  1,563E-02  144,37 um    23,27 um    26,65 um  
  16,00 keV   7,432E-01  1,490E-02  151,19 um    23,64 um    27,29 um  
  17,00 keV   7,641E-01  1,424E-02  157,85 um    23,98 um    27,90 um  
  18,00 keV   7,841E-01  1,365E-02  164,36 um    24,30 um    28,46 um  
  20,00 keV   8,221E-01  1,260E-02  176,96 um    24,90 um    29,51 um  
  22,50 keV   8,660E-01  1,153E-02  192,04 um    25,57 um    30,67 um  
  25,00 keV   9,064E-01  1,063E-02  206,47 um    26,15 um    31,71 um  
  27,50 keV   9,437E-01  9,879E-03  220,35 um    26,66 um    32,65 um  
  30,00 keV   9,783E-01  9,234E-03  233,76 um    27,12 um    33,50 um  
  32,50 keV   1,010E+00  8,676E-03  246,75 um    27,53 um    34,28 um  
  35,00 keV   1,040E+00  8,186E-03  259,38 um    27,90 um    35,01 um  
  37,50 keV   1,068E+00  7,754E-03  271,70 um    28,25 um    35,68 um  
  40,00 keV   1,094E+00  7,369E-03  283,72 um    28,57 um    36,31 um  
  45,00 keV   1,141E+00  6,712E-03  307,04 um    29,23 um    37,46 um  
  50,00 keV   1,182E+00  6,171E-03  329,53 um    29,81 um    38,48 um  
  55,00 keV   1,217E+00  5,717E-03  351,35 um    30,33 um    39,42 um  
  60,00 keV   1,248E+00  5,330E-03  372,62 um    30,81 um    40,27 um  
  65,00 keV   1,276E+00  4,996E-03  393,41 um    31,25 um    41,06 um  
  70,00 keV   1,299E+00  4,705E-03  413,82 um    31,66 um    41,80 um  
  80,00 keV   1,337E+00  4,220E-03  453,74 um    32,64 um    43,16 um  
  90,00 keV   1,365E+00  3,832E-03  492,73 um    33,52 um    44,38 um  
 100,00 keV   1,385E+00  3,514E-03  531,09 um    34,34 um    45,50 um  
 110,00 keV   1,398E+00  3,248E-03  569,04 um    35,10 um    46,55 um  
 120,00 keV   1,404E+00  3,022E-03  606,75 um    35,83 um    47,53 um  
 130,00 keV   1,406E+00  2,828E-03  644,38 um    36,52 um    48,47 um  
 140,00 keV   1,404E+00  2,658E-03  682,02 um    37,20 um    49,37 um  
 150,00 keV   1,398E+00  2,509E-03  719,80 um    37,85 um    50,24 um  
 160,00 keV   1,389E+00  2,377E-03  757,79 um    38,50 um    51,09 um  
 170,00 keV   1,378E+00  2,260E-03  796,07 um    39,13 um    51,92 um  
 180,00 keV   1,364E+00  2,154E-03  834,70 um    39,76 um    52,73 um  
 200,00 keV   1,334E+00  1,971E-03  913,27 um    41,76 um    54,33 um  
 225,00 keV   1,290E+00  1,784E-03    1,01 mm    44,70 um    56,30 um  
 250,00 keV   1,244E+00  1,632E-03    1,12 mm    47,62 um    58,27 um  
 275,00 keV   1,197E+00  1,505E-03    1,23 mm    50,57 um    60,25 um  
 300,00 keV   1,152E+00  1,397E-03    1,34 mm    53,56 um    62,27 um  
 325,00 keV   1,108E+00  1,305E-03    1,46 mm    56,60 um    64,33 um  
 350,00 keV   1,067E+00  1,225E-03    1,58 mm    59,70 um    66,46 um  
 375,00 keV   1,028E+00  1,154E-03    1,71 mm    62,86 um    68,64 um  
 400,00 keV   9,916E-01  1,092E-03    1,84 mm    66,10 um    70,89 um  
 450,00 keV   9,257E-01  9,869E-04    2,12 mm    77,85 um    75,62 um  
 500,00 keV   8,682E-01  9,012E-04    2,41 mm    89,41 um    80,68 um  
 550,00 keV   8,179E-01  8,299E-04    2,73 mm   100,91 um    86,06 um  
 600,00 keV   7,737E-01  7,696E-04    3,06 mm   112,44 um    91,78 um  
 650,00 keV   7,346E-01  7,180E-04    3,41 mm   124,03 um    97,85 um  
 700,00 keV   6,998E-01  6,732E-04    3,78 mm   135,73 um   104,25 um  
 800,00 keV   6,405E-01  5,993E-04    4,58 mm   178,06 um   118,06 um  
 900,00 keV   5,918E-01  5,407E-04    5,44 mm   217,83 um   133,17 um  
   1,00 MeV   5,510E-01  4,931E-04    6,37 mm   256,50 um   149,52 um  
   1,10 MeV   5,163E-01  4,536E-04    7,37 mm   294,74 um   167,08 um  
   1,20 MeV   4,862E-01  4,203E-04    8,43 mm   332,90 um   185,78 um  
   1,30 MeV   4,598E-01  3,917E-04    9,55 mm   371,19 um   205,59 um  
   1,40 MeV   4,364E-01  3,670E-04   10,74 mm   409,76 um   226,48 um  
   1,50 MeV   4,155E-01  3,453E-04   11,99 mm   448,68 um   248,43 um  
   1,60 MeV   3,965E-01  3,262E-04   13,29 mm   488,05 um   271,41 um  
   1,70 MeV   3,792E-01  3,092E-04   14,67 mm   527,92 um   295,42 um  
   1,80 MeV   3,634E-01  2,940E-04   16,10 mm   568,33 um   320,44 um  
   2,00 MeV   3,352E-01  2,678E-04   19,14 mm   718,62 um   373,56 um  
   2,25 MeV   3,033E-01  2,412E-04   23,31 mm   936,18 um   445,93 um  
   2,50 MeV   2,744E-01  2,197E-04   27,92 mm     1,15 mm   525,59 um  
   2,75 MeV   2,531E-01  2,018E-04   32,96 mm     1,36 mm   612,67 um  
   3,00 MeV   2,352E-01  1,868E-04   38,41 mm     1,57 mm   706,69 um  
   3,25 MeV   2,200E-01  1,739E-04   44,25 mm     1,78 mm   807,48 um  
   3,50 MeV   2,071E-01  1,628E-04   50,47 mm     2,00 mm   914,81 um  
   3,75 MeV   1,960E-01  1,531E-04   57,07 mm     2,22 mm     1,03 mm  
   4,00 MeV   1,863E-01  1,445E-04   64,02 mm     2,43 mm     1,15 mm  
   4,50 MeV   1,699E-01  1,300E-04   78,96 mm     3,24 mm     1,41 mm  
   5,00 MeV   1,566E-01  1,183E-04   95,25 mm     4,00 mm     1,68 mm  
   5,50 MeV   1,455E-01  1,086E-04  112,86 mm     4,73 mm     1,98 mm  
   6,00 MeV   1,360E-01  1,005E-04  131,75 mm     5,46 mm     2,31 mm  
   6,50 MeV   1,278E-01  9,348E-05  151,90 mm     6,19 mm     2,65 mm  
   7,00 MeV   1,206E-01  8,745E-05  173,31 mm     6,91 mm     3,01 mm  
   8,00 MeV   1,086E-01  7,753E-05  219,75 mm     9,59 mm     3,79 mm  
   9,00 MeV   9,897E-02  6,972E-05  271,03 mm    12,08 mm     4,64 mm  
  10,00 MeV   9,101E-02  6,339E-05  327,05 mm    14,50 mm     5,57 mm  
  11,00 MeV   8,434E-02  5,815E-05  387,73 mm    16,92 mm     6,57 mm  
  12,00 MeV   7,865E-02  5,375E-05  453,01 mm    19,34 mm     7,65 mm  
  13,00 MeV   7,374E-02  4,999E-05  522,82 mm    21,79 mm     8,79 mm  
  14,00 MeV   6,946E-02  4,674E-05  597,10 mm    24,27 mm    10,00 mm  
  15,00 MeV   6,569E-02  4,391E-05  675,80 mm    26,79 mm    11,27 mm  
  16,00 MeV   6,234E-02  4,141E-05  758,88 mm    29,35 mm    12,62 mm  
  17,00 MeV   5,934E-02  3,919E-05  846,29 mm    31,95 mm    14,03 mm  
  18,00 MeV   5,664E-02  3,721E-05  937,99 mm    34,59 mm    15,50 mm  
  20,00 MeV   5,197E-02  3,381E-05    1,13 m     44,53 mm    18,65 mm  
  22,50 MeV   4,720E-02  3,037E-05    1,40 m     58,77 mm    22,93 mm  
  25,00 MeV   4,329E-02  2,759E-05    1,70 m     72,27 mm    27,60 mm  
  27,50 MeV   4,004E-02  2,529E-05    2,02 m     85,50 mm    32,65 mm  
  30,00 MeV   3,727E-02  2,336E-05    2,36 m     98,70 mm    38,07 mm  
  32,50 MeV   3,490E-02  2,171E-05    2,73 m    111,96 mm    43,85 mm  
  35,00 MeV   3,283E-02  2,029E-05    3,12 m    125,35 mm    49,99 mm  
  37,50 MeV   3,102E-02  1,905E-05    3,54 m    138,89 mm    56,49 mm  
  40,00 MeV   2,942E-02  1,796E-05    3,98 m    152,62 mm    63,33 mm  
  45,00 MeV   2,670E-02  1,612E-05    4,93 m    204,02 mm    78,04 mm  
  50,00 MeV   2,449E-02  1,464E-05    5,97 m    252,35 mm    94,08 mm  
  55,00 MeV   2,264E-02  1,341E-05    7,10 m    299,55 mm   111,43 mm  
  60,00 MeV   2,109E-02  1,238E-05    8,31 m    346,45 mm   130,04 mm  
  65,00 MeV   1,975E-02  1,151E-05    9,62 m    393,46 mm   149,90 mm  
  70,00 MeV   1,859E-02  1,075E-05   11,00 m    440,83 mm   170,97 mm  
  80,00 MeV   1,668E-02  9,506E-06   14,02 m    615,98 mm   216,67 mm  
  90,00 MeV   1,516E-02  8,529E-06   17,37 m    778,89 mm   266,96 mm  
 100,00 MeV   1,393E-02  7,740E-06   21,03 m    937,58 mm   321,67 mm  
-----------------------------------------------------------
 Multiply Stopping by        for Stopping Units
 -------------------        ------------------
  1,8793E-02                 eV / Angstrom 
  1,8793E-01                keV / micron   
  1,8793E-01                MeV / mm       
  1,0000E+00                keV / (ug/cm2) 
  1,0000E+00                MeV / (mg/cm2) 
  1,0000E+03                keV / (mg/cm2) 
  6,6562E+00                 eV / (1E15 atoms/cm2)
  1,6577E+00                L.S.S. reduced units
 ==================================================================
 (C) 1984,1989,1992,1998,2008 by J.P. Biersack and J.F. Ziegler
