============================== SRIM-2003.26 ==============================
==============================================================================
=================  TRANSMIT.txt : File of Transmitted Ions  ==================
=  This file tabulates the kinetics of ions or atoms leaving the target.     =
=  Column #1: S= Sputtered Atom. B= Backscattered Ion. T= Transmitted Ion.   =
=  Col.#2: Ion Number. Col.#3: Z of atom leaving. Col.#4: Atom energy (eV).  =
=  Col.#5-7: Last location:  X= Depth into target. Y.Z= Transverse axes.     =
=  Col.#8-10: Cosines of final trajectory.  NOTE: Use hotkey  C  for details.=
= *** This data file is in the same format as TRIM.DAT (see manual for uses).=
====== TRIM Calc.=  F(13.7 MeV) ==> Graphite (carbon)( 2.13 um) ==============
 Ion  Atom   Energy        Depth       Lateral-Position        Atom Direction      
 Numb Numb    (eV)          X(A)        Y(A)       Z(A)      Cos(X)  Cos(Y) Cos(Z) 
T    1  9 .8185080E+07   2137942E-02  .3835E+04 -.3297E+02   .9834852  .1806662 -.0107933
T    2  9 .8197998E+07   2137526E-02  .4140E+04 -.5367E+03   .9803336  .1931997 -.0402476
T    3  9 .8247864E+07   2142080E-02  .3842E+04 -.4755E+01   .9839876  .1781348 -.0060339
T    4  9 .8183806E+07   2136171E-02  .3770E+04  .7889E+02   .9850306  .1719137  .0126681
T    5  9 .8219022E+07   2150766E-02  .3877E+04 -.1333E+03   .9816857  .1900613 -.0130385
T    6  9 .8172745E+07   2135416E-02  .3724E+04  .1328E+03   .9871486  .1597003  .0057917
T    7  9 .8301502E+07   2141347E-02  .3668E+04 -.3003E+02   .9858064  .1678774  .0017109
T    8  9 .8116935E+07   2138939E-02  .3856E+04  .8613E+02   .9840128  .1780716 -.0030568
T    9  9 .8104622E+07   2135912E-02  .3826E+04  .4709E+02   .9848001  .1730293  .0151499
T   10  9 .8203683E+07   2135532E-02  .3808E+04 -.8966E+02   .9851456  .1716000 -.0064431
T   11  9 .8182969E+07   2136033E-02  .3787E+04  .1438E+03   .9848952  .1726211  .0135438
T   12  9 .8201025E+07   2142856E-02  .3759E+04 -.8353E+02   .9839842  .1782342 -.0027621
T   13  9 .8247659E+07   2136605E-02  .3820E+04 -.5108E+02   .9837403  .1795791  .0025139
T   14  9 .8119764E+07   2134848E-02  .3941E+04 -.1502E+03   .9822646  .1869031 -.0149520
T   15  9 .8109108E+07   2147820E-02  .3852E+04  .6545E+01   .9848339  .1733566  .0070431
T   16  9 .8144808E+07   2148290E-02  .3696E+04 -.1795E+03   .9865159  .1632470  .0116986
T   17  9 .8145603E+07   2134537E-02  .3845E+04 -.7379E+02   .9845978  .1745688 -.0096422
T   18  9 .8228379E+07   2150189E-02  .3755E+04  .1328E+03   .9866596  .1625517  .0089333
T   19  9 .8161423E+07   2143419E-02  .3741E+04  .2248E+02   .9843277  .1762006 -.0072362
T   20  9 .8255381E+07   2143759E-02  .3601E+04 -.4915E+02   .9869816  .1608305  .0009288
T   21  9 .8272698E+07   2144902E-02  .3779E+04  .1732E+02   .9833701  .1816041  .0017952
T   22  9 .8238809E+07   2149067E-02  .3726E+04  .5399E+02   .9865442  .1632579  .0087969
T   23  9 .8126665E+07   2142019E-02  .3779E+04  .9849E+02   .9847070  .1741643  .0043445
T   24  9 .8208370E+07   2147729E-02  .3895E+04 -.7410E+02   .9837595  .1794073 -.0055021
T   25  9 .8244049E+07   2142966E-02  .3896E+04 -.1138E+03   .9842908  .1762665 -.0100908
T   26  9 .8178593E+07   2137394E-02  .3864E+04  .8084E+02   .9830384  .1832676  .0069597
T   27  9 .8208687E+07   2142255E-02  .3702E+04  .1597E+03   .9854762  .1694189  .0115714
T   28  9 .8253443E+07   2145887E-02  .3485E+04 -.2897E+03   .9887800  .1482313 -.0184816
T   29  9 .8157793E+07   2141158E-02  .3835E+04  .3318E+03   .9838102  .1773871  .0255221
T   30  9 .8181578E+07   2146761E-02  .3303E+04 -.5269E+03   .9894934  .1387618 -.0405954
T   31  9 .8255133E+07   2144198E-02  .3673E+04  .7547E+02   .9897191  .1429890 -.0032157
T   32  9 .8252489E+07   2137421E-02  .3737E+04  .2994E+02   .9840217  .1779550  .0057705
T   33  9 .8182160E+07   2139262E-02  .3664E+04 -.1508E+03   .9859703  .1666280 -.0098840
T   34  9 .8184462E+07   2137736E-02  .3648E+04  .1620E+03   .9852991  .1707709  .0047859
T   35  9 .8140504E+07   2141042E-02  .3839E+04  .5787E+02   .9855974  .1690746  .0033883
T   36  9 .8280575E+07   2139393E-02  .3301E+04 -.2880E+03   .9887715  .1459584 -.0320464
T   37  9 .8148790E+07   2134216E-02  .3827E+04  .4089E+02   .9835840  .1804503  .0004965
T   38  9 .8273880E+07   2136391E-02  .3840E+04  .9017E+02   .9832712  .1815929  .0142037
T   39  9 .8203185E+07   2142972E-02  .3762E+04  .1335E+03   .9855880  .1691624  .0006521
T   40  9 .8175989E+07   2136373E-02  .3906E+04  .1584E+03   .9820934  .1877358  .0157429
T   41  9 .8155419E+07   2145435E-02  .3952E+04  .3452E+02   .9828960  .1841034  .0046295
T   42  9 .8221058E+07   2141374E-02  .3890E+04 -.1374E+03   .9826766  .1851547 -.0080227
T   43  9 .8233405E+07   2144903E-02  .3979E+04  .6845E+02   .9821803  .1876901  .0097052
T   44  9 .8229852E+07   2140216E-02  .3767E+04  .2540E+02   .9836591  .1799925 -.0041739
T   45  9 .8229217E+07   2147011E-02  .3743E+04  .6535E+01   .9852946  .1707006  .0074701
T   46  9 .8123632E+07   2145648E-02  .4097E+04 -.5257E+02   .9733838  .2276637 -.0263303
T   47  9 .8327146E+07   2141908E-02  .3778E+04 -.6950E+01   .9848017  .1736799  .0009110
T   48  9 .8183939E+07   2140934E-02  .3734E+04 -.1282E+03   .9863015  .1649110 -.0037005
T   49  9 .8230508E+07   2146502E-02  .3643E+04  .9630E+02   .9871025  .1597441  .0105087
T   50  9 .8186978E+07   2143861E-02  .4116E+04  .1347E+03   .9808055  .1946510  .0114689
T   51  9 .8134206E+07   2138428E-02  .3803E+04  .1681E+02   .9845933  .1748313 -.0031578
T   52  9 .8132412E+07   2138464E-02  .3708E+04  .5016E+02   .9858828  .1674289  .0016101
T   53  9 .8183703E+07   2142911E-02  .3952E+04 -.1228E+03   .9827465  .1841263 -.0175171
T   54  9 .8192658E+07   2135594E-02  .3669E+04 -.8312E+02   .9857053  .1680930 -.0113908
T   55  9 .8178434E+07   2145004E-02  .3795E+04 -.1386E+03   .9840425  .1778387 -.0058114
T   56  9 .8201208E+07   2145484E-02  .3764E+04 -.2333E+02   .9830202  .1831402 -.0114432
T   57  9 .8139402E+07   2142186E-02  .3887E+04 -.9497E+02   .9847343  .1739318 -.0067845
T   58  9 .8178171E+07   2144074E-02  .3804E+04  .6932E+02   .9847996  .1736944 -.0000580
T   59  9 .8133195E+07   2146269E-02  .3833E+04 -.3968E+03   .9837063  .1776378 -.0276901
T   60  9 .8246694E+07   2143151E-02  .3867E+04  .9006E+02   .9840593  .1775343  .0104302
T   61  9 .8214625E+07   2150871E-02  .3744E+04 -.1496E+03   .9839445  .1782135 -.0096491
T   62  9 .8245017E+07   2139974E-02  .3648E+04  .3478E+02   .9854355  .1699909  .0044592
T   63  9 .8185926E+07   2136516E-02  .4002E+04 -.4229E+02   .9810767  .1935695 -.0043972
T   64  9 .8268492E+07   2141760E-02  .3952E+04  .1657E+03   .9823614  .1867403  .0097025
T   65  9 .8282606E+07   2136615E-02  .3729E+04  .2748E+02   .9856659  .1687079  .0005605
T   66  9 .8135036E+07   2135008E-02  .3679E+04  .3706E+02   .9863235  .1648126  .0016432
T   67  9 .8148830E+07   2143422E-02  .3739E+04  .1450E+03   .9844779  .1754405  .0048973
T   68  9 .8226590E+07   2144211E-02  .3815E+04 -.1012E+03   .9834964  .1800334 -.0179671
T   69  9 .8191182E+07   2135886E-02  .3759E+04  .2022E+03   .9835494  .1799572  .0156813
T   70  9 .8120093E+07   2135978E-02  .3797E+04  .8066E+03   .9806895  .1719999  .0930810
T   71  9 .8185304E+07   2145100E-02  .3489E+04  .3183E+03   .9869940  .1574015  .0326728
T   72  9 .8161958E+07   2149731E-02  .3942E+04 -.3924E+02   .9820469  .1885225 -.0065719
T   73  9 .8159257E+07   2135524E-02  .3890E+04 -.1464E+03   .9823252  .1871820 -.0003274
T   74  9 .8179541E+07   2135755E-02  .3820E+04 -.1237E+03   .9808963  .1931951 -.0227629
T   75  9 .8089011E+07   2133662E-02  .3682E+04  .1752E+02   .9842696  .1766652 -.0016638
T   76  9 .8116315E+07   2145768E-02  .3934E+04 -.2987E+01   .9815238  .1911883  .0076173
T   77  9 .8201668E+07   2141782E-02  .3841E+04 -.4644E+01   .9844416  .1757098  .0009061
T   78  9 .8137643E+07   2148670E-02  .3677E+04 -.9283E+02   .9865195  .1631953 -.0121046
T   79  9 .8175602E+07   2139484E-02  .3756E+04 -.1362E+03   .9845750  .1743847 -.0142122
T   80  9 .8221777E+07   2147720E-02  .3829E+04  .2262E+03   .9853042  .1698171  .0183766
T   81  9 .8167949E+07   2149933E-02  .3882E+04 -.6104E+02   .9843470  .1762045 -.0035885
T   82  9 .8182127E+07   2141937E-02  .3626E+04  .1075E+03   .9866467  .1622391  .0143770
T   83  9 .8060346E+07   2141093E-02  .3244E+04  .1118E+03   .9952780  .0964644  .0107839
T   84  9 .8183937E+07   2144064E-02  .3733E+04 -.5093E+02   .9850851  .1720152 -.0042464
T   85  9 .8290904E+07   2143719E-02  .3855E+04 -.5875E+02   .9836925  .1792695 -.0145424
T   86  9 .8216061E+07   2147210E-02  .3780E+04  .5462E+02   .9842097  .1767307  .0098721
T   87  9 .8174848E+07   2137549E-02  .3893E+04  .1099E+03   .9836903  .1795361  .0109615
T   88  9 .8177525E+07   2140957E-02  .3784E+04  .1228E+02   .9851258  .1716744 -.0074161
T   89  9 .8332654E+07   2139402E-02  .3826E+04 -.9264E+02   .9818262  .1896372 -.0074156
T   90  9 .8165254E+07   2145968E-02  .3715E+04 -.8600E+02   .9862006  .1654369 -.0062465
T   91  9 .8309741E+07   2143214E-02  .3911E+04  .1109E+03   .9846650  .1743712  .0054230
T   92  9 .8227735E+07   2136196E-02  .3835E+04 -.7152E+02   .9832303  .1820270 -.0111525
T   93  9 .8214894E+07   2137967E-02  .3808E+04  .1200E+03   .9830381  .1833466  .0044865
T   94  9 .8203197E+07   2140429E-02  .3627E+04  .4335E+02   .9863661  .1645301  .0034419
T   95  9 .8266660E+07   2137826E-02  .3838E+04  .6091E+02   .9861052  .1660389  .0052557
T   96  9 .8111544E+07   2138544E-02  .3935E+04 -.4613E+02   .9813166  .1922698 -.0070718
T   97  9 .8245032E+07   2130383E-02  .3766E+04 -.1448E+02   .9855591  .1693006 -.0032404
T   98  9 .8166447E+07   2140871E-02  .3772E+04 -.2627E+03   .9849364  .1725795 -.0107952
T   99  9 .8190918E+07   2140848E-02  .3728E+04 -.7173E+02   .9846691  .1740201 -.0119910
T  100  9 .8219427E+07   2138380E-02  .3742E+04  .1710E+02   .9850058  .1725057 -.0023147
T  101  9 .8259660E+07   2139229E-02  .3730E+04 -.1193E+03   .9859714  .1666964 -.0085306
T  102  9 .8198794E+07   2137272E-02  .3612E+04 -.1278E+03   .9861486  .1657705 -.0055775
T  103  9 .8302319E+07   2136132E-02  .3732E+04 -.6006E+02   .9848900  .1730972 -.0053900
T  104  9 .8217174E+07   2136561E-02  .3652E+04 -.1219E+03   .9848610  .1732217 -.0065685
T  105  9 .8162753E+07   2143844E-02  .3682E+04  .1208E+03   .9858490  .1675392  .0056864
T  106  9 .8150311E+07   2138243E-02  .3820E+04 -.1531E+00   .9841119  .1775441  .0013342
T  107  9 .8202531E+07   2139860E-02  .4011E+04  .1802E+03   .9803574  .1958736  .0230840
T  108  9 .8295370E+07   2130715E-02  .3771E+04  .1148E+03   .9842446  .1764672  .0110389
T  109  9 .8157110E+07   2137116E-02  .3848E+04  .1914E+02   .9837133  .1797080 -.0036198
T  110  9 .8172685E+07   2144950E-02  .3883E+04  .2090E+02   .9833109  .1816130  .0107838
T  111  9 .8189351E+07   2142682E-02  .3893E+04 -.8014E+02   .9823092  .1871937 -.0052128
T  112  9 .8176981E+07   2146341E-02  .3775E+04  .5034E+02   .9825435  .1859068  .0068537
T  113  9 .8350546E+07   2135971E-02  .3683E+04  .1076E+03   .9851554  .1716309  .0034084
T  114  9 .8237992E+07   2148379E-02  .3826E+04 -.1177E+03   .9856657  .1682006 -.0130997
T  115  9 .8271622E+07   2142191E-02  .3714E+04  .2670E+03   .9863164  .1634644  .0214336
T  116  9 .8237411E+07   2140398E-02  .3863E+04 -.1928E+02   .9838439  .1789427 -.0055455
T  117  9 .8250540E+07   2142590E-02  .3838E+04  .2886E+01   .9843503  .1761850 -.0036504
T  118  9 .8125740E+07   2148899E-02  .3927E+04  .1331E+02   .9817685  .1898684  .0089800
T  119  9 .8181285E+07   2144183E-02  .3914E+04 -.2469E+03   .9821459  .1872062 -.0185261
T  120  9 .8176367E+07   2134791E-02  .3668E+04 -.1071E+03   .9857768  .1679234 -.0067717
T  121  9 .8069802E+07   2143595E-02  .3766E+04 -.7166E+01   .9842199  .1769483  .0007214
T  122  9 .8241981E+07   2140178E-02  .3753E+04  .1333E+03   .9841430  .1770846  .0101792
T  123  9 .8351946E+07   2139429E-02  .3922E+04 -.7868E+02   .9828897  .1841236 -.0051373
T  124  9 .8248080E+07   2144479E-02  .2953E+04  .1187E+03   .9906360  .1365244 -.0011808
T  125  9 .8135402E+07   2145844E-02  .3560E+04  .4406E+02   .9877697  .1557640  .0069744
T  126  9 .8213278E+07   2135626E-02  .3769E+04 -.2076E+03   .9842164  .1754820 -.0228956
T  127  9 .8207602E+07   2139182E-02  .4002E+04 -.1512E+02   .9816712  .1905345 -.0042750
T  128  9 .8181811E+07   2145769E-02  .3933E+04  .1024E+03   .9832864  .1818915  .0079587
T  129  9 .8203376E+07   2139108E-02  .3631E+04 -.8055E+02   .9873072  .1588061 -.0022375
T  130  9 .8311426E+07   2144858E-02  .3621E+04 -.8693E+02   .9864315  .1640868 -.0053378
T  131  9 .8132855E+07   2145924E-02  .3660E+04  .7413E+02   .9867318  .1623087  .0040181
T  132  9 .8227293E+07   2143244E-02  .3673E+04 -.1826E+03   .9851296  .1706083 -.0203082
T  133  9 .8187702E+07   2143547E-02  .3667E+04  .7079E+02   .9850767  .1719593  .0073361
T  134  9 .8173549E+07   2138184E-02  .3824E+04 -.3009E+03   .9868446  .1575332 -.0363448
T  135  9 .8218854E+07   2139149E-02  .3786E+04 -.1787E+02   .9851420  .1716701 -.0049601
T  136  9 .8189779E+07   2137897E-02  .3730E+04  .1732E+03   .9847140  .1738619  .0105049
T  137  9 .8194705E+07   2134266E-02  .3818E+04 -.3555E+03   .9826224  .1846190 -.0192089
T  138  9 .8194670E+07   2142458E-02  .3822E+04  .2690E+03   .9868216  .1596795  .0261839
T  139  9 .8186403E+07   2137736E-02  .3613E+04 -.1553E+02   .9867882  .1620123  .0009999
T  140  9 .8237324E+07   2137753E-02  .3991E+04 -.2576E+03   .9819007  .1887884 -.0151669
T  141  9 .8155713E+07   2142186E-02  .3809E+04  .7935E+01   .9834782  .1809874  .0037764
T  142  9 .8294184E+07   2139878E-02  .3727E+04  .1712E+02   .9870141  .1606325  .0005600
T  143  9 .8187549E+07   2140257E-02  .3641E+04 -.7492E+02   .9867486  .1621150 -.0067745
T  144  9 .8256768E+07   2138061E-02  .3782E+04  .4220E+02   .9858809  .1673435  .0059161
T  145  9 .8169403E+07   2137225E-02  .3923E+04  .1103E+03   .9842766  .1762146  .0121615
T  146  9 .8288002E+07   2139427E-02  .3658E+04  .1439E+03   .9868664  .1612930  .0089070
T  147  9 .8189815E+07   2136350E-02  .3602E+04 -.1187E+03   .9865284  .1634934 -.0056283
T  148  9 .8165221E+07   2143571E-02  .3793E+04 -.4470E+03   .9830879  .1810593 -.0274916
T  149  9 .8207198E+07   2136635E-02  .4010E+04  .3748E+02   .9775125  .2101736  .0172148
T  150  9 .8180294E+07   2136714E-02  .3798E+04  .1535E+03   .9832901  .1817512  .0103506
T  151  9 .8151151E+07   2141389E-02  .4731E+04 -.6342E+03   .9756176  .2175184 -.0292584
T  152  9 .8115403E+07   2135735E-02  .4434E+04 -.5261E+03   .9797095  .2002815 -.0075235
T  153  9 .8149952E+07   2139806E-02  .3782E+04 -.7953E+02   .9876796  .1564812  .0016124
T  154  9 .8192722E+07   2137075E-02  .3781E+04  .1270E+02   .9843723  .1760326 -.0048756
T  155  9 .8198968E+07   2141342E-02  .3829E+04 -.9347E+02   .9847869  .1736888  .0051870
T  156  9 .8287829E+07   2148548E-02  .3674E+04  .2652E+02   .9862101  .1654976  .0004817
T  157  9 .8299831E+07   2136902E-02  .3789E+04 -.1343E+02   .9852700  .1707851 -.0086871
T  158  9 .8272091E+07   2135592E-02  .3896E+04 -.7093E+02   .9821553  .1880649 -.0016088
T  159  9 .8247410E+07   2135332E-02  .3868E+04 -.8939E+02   .9827329  .1849590 -.0051128
T  160  9 .8276531E+07   2130457E-02  .3635E+04 -.3838E+02   .9884229  .1506985 -.0176089
T  161  9 .8249846E+07   2149310E-02  .4001E+04  .6376E+02   .9797994  .1999167 -.0051427
T  162  9 .8116445E+07   2142734E-02  .3761E+04 -.1343E+02   .9859689  .1669273 -.0007394
T  163  9 .8282498E+07   2149334E-02  .3604E+04 -.6039E+02   .9873515  .1584727  .0048371
T  164  9 .8394926E+07   2148393E-02  .3757E+04  .9657E+01   .9862626  .1651250  .0044467
T  165  9 .8206877E+07   2138385E-02  .4021E+04  .4898E+02   .9815699  .1911020  .0007555
T  166  9 .8216705E+07   2138173E-02  .3916E+04  .1272E+03   .9823035  .1872612 -.0036278
T  167  9 .8229415E+07   2148972E-02  .3821E+04 -.8866E+01   .9842543  .1766390 -.0064899
T  168  9 .8181766E+07   2145157E-02  .3807E+04 -.8381E+02   .9840374  .1777495 -.0086913
T  169  9 .8312925E+07   2141146E-02  .3829E+04  .2550E+03   .9837643  .1788433  .0149272
T  170  9 .8248726E+07   2141423E-02  .3753E+04 -.4026E+02   .9857669  .1679520 -.0074689
T  171  9 .8296933E+07   2136910E-02  .3783E+04 -.8758E+02   .9850082  .1718126 -.0154678
T  172  9 .8145396E+07   2149090E-02  .3884E+04 -.4899E+02   .9832095  .1824316 -.0042262
T  173  9 .8102382E+07   2146844E-02  .3843E+04  .3433E+02   .9841206  .1774998 -.0007394
T  174  9 .8206411E+07   2141915E-02  .3846E+04  .7488E+02   .9843811  .1757054  .0110194
T  175  9 .8165420E+07   2144123E-02  .3686E+04 -.1605E+03   .9855382  .1689036 -.0136422
T  176  9 .8243130E+07   2138648E-02  .3740E+04 -.7162E+02   .9861830  .1653661 -.0098584
T  177  9 .8266796E+07   2144728E-02  .3772E+04  .1181E+03   .9842618  .1759966  .0159331
T  178  9 .8122200E+07   2137056E-02  .3188E+04  .3968E+03   .9899287  .1349168  .0428784
T  179  9 .8151575E+07   2139249E-02  .3957E+04  .1204E+03   .9820774  .1877681  .0163459
T  180  9 .8298281E+07   2143502E-02  .3579E+04  .6519E+02   .9877659  .1554790  .0120315
T  181  9 .8194910E+07   2151206E-02  .3780E+04  .4659E+02   .9861225  .1660193  .0001144
T  182  9 .8188361E+07   2135269E-02  .3918E+04  .5172E+02   .9823071  .1871462  .0070012
T  183  9 .8209223E+07   2140469E-02  .3707E+04 -.3920E+02   .9856937  .1685439 -.0009788
T  184  9 .8277461E+07   2144417E-02  .3995E+04 -.1748E+03   .9803517  .1969506 -.0109993
T  185  9 .8179217E+07   2146728E-02  .3958E+04 -.2680E+01   .9832804  .1820906 -.0016554
T  186  9 .8283557E+07   2143787E-02  .3730E+04 -.1398E+03   .9860798  .1656263 -.0146492
T  187  9 .8161195E+07   2146802E-02  .3871E+04 -.4229E+02   .9852080  .1713622 -.0005027
T  188  9 .8203068E+07   2135750E-02  .3635E+04  .5361E+01   .9868162  .1617933  .0040905
T  189  9 .8044830E+07   2148617E-02  .3769E+04  .7489E+02   .9883104  .1502472  .0258503
T  190  9 .8138807E+07   2140544E-02  .3586E+04 -.8948E+02   .9859405  .1668011 -.0099378
T  191  9 .8177034E+07   2136076E-02  .3871E+04  .2730E+02   .9829028  .1840597  .0049051
T  192  9 .8195305E+07   2144790E-02  .3812E+04  .1265E+03   .9836124  .1798913  .0120742
T  193  9 .8184988E+07   2144703E-02  .3937E+04 -.4875E+02   .9828885  .1837068 -.0134929
T  194  9 .8174968E+07   2142924E-02  .4094E+04 -.8935E+02   .9830667  .1832472  .0006030
T  195  9 .8290477E+07   2143650E-02  .3737E+04  .1156E+03   .9841854  .1765150  .0148827
T  196  9 .8178832E+07   2141294E-02  .4043E+04 -.2621E+03   .9749733  .2180852 -.0431953
T  197  9 .8193246E+07   2135842E-02  .3892E+04 -.1700E+02   .9837970  .1791831  .0060738
T  198  9 .8223952E+07   2145504E-02  .3501E+04  .2328E+03   .9868655  .1598374  .0234214
T  199  9 .8248964E+07   2142217E-02  .3629E+04  .6145E+02   .9860088  .1665920  .0058083
T  200  9 .8243785E+07   2144009E-02  .3729E+04  .5792E+02   .9873217  .1585490  .0076152
T  201  9 .8196267E+07   2139749E-02  .3726E+04  .1429E+03   .9859574  .1667357  .0093419
T  202  9 .8174707E+07   2142932E-02  .3747E+04 -.9432E+01   .9851068  .1717659 -.0078214
T  203  9 .8123515E+07   2136709E-02  .3791E+04  .4355E+02   .9868821  .1612536  .0078152
T  204  9 .8208012E+07   2146712E-02  .3601E+04  .5800E+03   .9868473  .1561901  .0416773
T  205  9 .8198310E+07   2141157E-02  .3699E+04 -.6567E+02   .9854129  .1701416 -.0036477
T  206  9 .7678442E+07   2132172E-02  .4296E+04  .7842E+03   .9629945  .2265125  .1460607
T  207  9 .8199691E+07   2137467E-02  .3629E+04  .1666E+03   .9849887  .1725396  .0052301
T  208  9 .8253977E+07   2137453E-02  .3813E+04  .9179E+02   .9838933  .1786168  .0070754
T  209  9 .8161746E+07   2134063E-02  .3776E+04 -.1352E+03   .9848893  .1707726 -.0288056
T  210  9 .8186585E+07   2133459E-02  .4025E+04  .8182E+02   .9802650  .1973554  .0114644
T  211  9 .8077866E+07   2144568E-02  .3993E+04  .7241E+01   .9820606  .1885587 -.0016270
T  212  9 .8254333E+07   2149672E-02  .3666E+04 -.2339E+02   .9860387  .1664973  .0024966
T  213  9 .8131575E+07   2141326E-02  .3906E+04  .9735E+01   .9826109  .1853880 -.0103529
T  214  9 .8349358E+07   2137743E-02  .3815E+04 -.2890E+02   .9846476  .1745416 -.0020817
T  215  9 .8148514E+07   2144132E-02  .3859E+04 -.3901E+02   .9830696  .1832259 -.0015738
T  216  9 .8297466E+07   2137085E-02  .3741E+04  .2454E+02   .9846402  .1745869 -.0017640
T  217  9 .8258291E+07   2136955E-02  .3676E+04 -.6395E+02   .9871723  .1596584  .0002212
T  218  9 .8228582E+07   2150542E-02  .3736E+04 -.7745E+02   .9843200  .1756931 -.0156870
T  219  9 .8124833E+07   2137467E-02  .3385E+04 -.8337E+03   .9877870  .1326424 -.0817492
T  220  9 .8199902E+07   2141458E-02  .3974E+04 -.1527E+02   .9830537  .1832702  .0041842
T  221  9 .8229340E+07   2151651E-02  .3781E+04  .5093E+02   .9853560  .1704252  .0053753
T  222  9 .8266172E+07   2143238E-02  .3843E+04  .6896E+02   .9837825  .1793630 -.0009407
T  223  9 .8204325E+07   2143858E-02  .3914E+04 -.8933E+02   .9835231  .1807481 -.0035178
T  224  9 .8233095E+07   2143069E-02  .3661E+04  .2251E+03   .9850121  .1714372  .0189875
T  225  9 .8172325E+07   2144612E-02  .3877E+04  .1075E+03   .9828758  .1840059  .0098528
T  226  9 .8194744E+07   2135401E-02  .3723E+04  .1397E+03   .9855460  .1694047  .0011102
T  227  9 .8188906E+07   2135017E-02  .3637E+04 -.7279E+01   .9864707  .1638251 -.0060767
T  228  9 .8197903E+07   2134997E-02  .3425E+04  .2400E+03   .9896451  .1416236  .0233532
T  229  9 .8320717E+07   2137533E-02  .3960E+04  .2264E+03   .9828336  .1826518  .0260073
T  230  9 .8074026E+07   2148603E-02  .3638E+04  .1958E+03   .9848733  .1715342  .0245081
T  231  9 .8165686E+07   2143754E-02  .3873E+04 -.1678E+03   .9837992  .1790780 -.0083803
T  232  9 .8229114E+07   2146137E-02  .3952E+04  .2586E+02   .9816427  .1907092  .0027516
T  233  9 .8262517E+07   2140130E-02  .3698E+04  .2225E+02   .9859564  .1669954  .0016121
T  234  9 .8148299E+07   2148315E-02  .3902E+04  .4628E+02   .9827628  .1847744  .0059683
T  235  9 .8281899E+07   2148724E-02  .3588E+04 -.1848E+03   .9890773  .1470449 -.0101922
T  236  9 .8205215E+07   2139371E-02  .3858E+04  .5296E+01   .9835333  .1807169  .0019214
T  237  9 .8135912E+07   2142086E-02  .3932E+04 -.8292E+01   .9838210  .1789363  .0088357
T  238  9 .8210762E+07   2135188E-02  .3753E+04 -.1171E+03   .9861619  .1654008 -.0112837
T  239  9 .8181262E+07   2133707E-02  .4028E+04 -.2830E+03   .9825929  .1850246 -.0166483
T  240  9 .8161146E+07   2133626E-02  .3995E+04 -.1725E+03   .9829051  .1839782 -.0070491
T  241  9 .8226122E+07   2135277E-02  .3818E+04  .5614E+02   .9845136  .1751498  .0074440
T  242  9 .8107402E+07   2138385E-02  .3812E+04 -.2542E+03   .9856952  .1680696  .0125516
T  243  9 .8178804E+07   2142467E-02  .3639E+04 -.7807E+02   .9875501  .1571183 -.0076572
T  244  9 .8238498E+07   2135939E-02  .3783E+04  .5015E+02   .9833778  .1813179  .0095886
T  245  9 .8211568E+07   2149394E-02  .3987E+04  .1667E+03   .9830937  .1829402  .0077239
T  246  9 .8114285E+07   2136175E-02  .3908E+04  .9804E+01   .9831229  .1829446 -.0008329
T  247  9 .8249112E+07   2150780E-02  .3790E+04 -.6247E+02   .9840558  .1777709 -.0056268
T  248  9 .8206625E+07   2135025E-02  .3595E+04  .1849E+03   .9862931  .1602850  .0391737
T  249  9 .8210137E+07   2135001E-02  .3767E+04  .7930E+02   .9865448  .1630879  .0114786
T  250  9 .8172539E+07   2138779E-02  .3717E+04  .2435E+02   .9852353  .1711603  .0039353
T  251  9 .8181720E+07   2142650E-02  .3803E+04 -.1043E+03   .9847324  .1736341 -.0123793
T  252  9 .8256169E+07   2135686E-02  .3629E+04  .2946E+02   .9876389  .1565256  .0083120
T  253  9 .8188552E+07   2146420E-02  .3946E+04  .3265E+02   .9831692  .1826951 -.0009198
T  254  9 .8311421E+07   2140381E-02  .3778E+04  .1101E+03   .9836493  .1797170  .0116532
T  255  9 .8281934E+07   2135965E-02  .3873E+04 -.3539E+02   .9842539  .1767567  .0011380
T  256  9 .8158308E+07   2145814E-02  .3602E+04 -.2609E+02   .9872723  .1589705  .0046704
T  257  9 .8243206E+07   2140426E-02  .3930E+04 -.9286E+02   .9827920  .1847018 -.0022777
T  258  9 .8165112E+07   2139198E-02  .4191E+04 -.2084E+02   .9775643  .2106213  .0025987
T  259  9 .8165875E+07   2147681E-02  .3412E+04 -.1342E+03   .9886506  .1497864 -.0115798
T  260  9 .8198759E+07   2152068E-02  .3649E+04 -.1691E+00   .9869328  .1611305  .0007980
T  261  9 .8147860E+07   2145649E-02  .3751E+04 -.8642E+02   .9852498  .1709730 -.0071478
T  262  9 .8217803E+07   2137719E-02  .3744E+04  .9509E+02   .9842305  .1767891  .0059995
T  263  9 .8217755E+07   2138092E-02  .3831E+04 -.1180E+03   .9850064  .1725025 -.0023186
T  264  9 .8116079E+07   2148434E-02  .3720E+04 -.1468E+03   .9853196  .1693001 -.0219734
T  265  9 .8263527E+07   2142514E-02  .3947E+04 -.1084E+03   .9827305  .1846183 -.0125224
T  266  9 .8207503E+07   2138263E-02  .3761E+04  .6082E+02   .9828065  .1846374  .0006131
T  267  9 .8317202E+07   2139220E-02  .3746E+04  .1909E+03   .9846572  .1744360  .0047255
T  268  9 .8168590E+07   2139283E-02  .4150E+04  .1947E+03   .9822447  .1873836  .0090962
T  269  9 .8227867E+07   2141478E-02  .4011E+04 -.2116E+03   .9814674  .1901182 -.0240183
T  270  9 .8240753E+07   2147488E-02  .3700E+04  .1467E+02   .9878684  .1551979  .0054442
T  271  9 .8297203E+07   2147840E-02  .3871E+04  .1891E+03   .9831290  .1821694  .0164823
T  272  9 .8185420E+07   2149149E-02  .3786E+04  .7763E+02   .9855107  .1696047 -.0016854
T  273  9 .8099472E+07   2142325E-02  .3945E+04  .2981E+02   .9807440  .1952955  .0009468
T  274  9 .8246355E+07   2135770E-02  .3840E+04 -.4299E+02   .9830076  .1835624 -.0009326
T  275  9 .8144494E+07   2145702E-02  .3737E+04  .3045E+02   .9767394  .2122134  .0307515
T  276  9 .8171619E+07   2141409E-02  .3830E+04  .5520E+02   .9839430  .1783983  .0055005
T  277  9 .8307224E+07   2135538E-02  .3660E+04  .7281E+02   .9857559  .1681587  .0028153
T  278  9 .8251800E+07   2142090E-02  .3682E+04  .4643E+02   .9868916  .1613730  .0019172
T  279  9 .8121525E+07   2147473E-02  .3676E+04 -.4996E+03   .9857646  .1662321 -.0251984
T  280  9 .8167826E+07   2147510E-02  .3654E+04 -.8608E+02   .9869396  .1606387 -.0120576
T  281  9 .8155521E+07   2135719E-02  .3777E+04 -.5261E+02   .9857577  .1681397 -.0032763
T  282  9 .8174802E+07   2137140E-02  .3892E+04  .5508E+01   .9835660  .1805488 -.0003598
T  283  9 .8137901E+07   2142711E-02  .3912E+04 -.1948E+03   .9808067  .1944397 -.0145419
T  284  9 .8138653E+07   2141768E-02  .3190E+04 -.4434E+03   .9901958  .1359100 -.0322615
T  285  9 .8177601E+07   2137295E-02  .3609E+04 -.5996E+02   .9866308  .1629544 -.0023631
T  286  9 .8217987E+07   2141019E-02  .3793E+04  .1229E+03   .9855453  .1686269  .0162927
T  287  9 .8298998E+07   2136853E-02  .3836E+04  .1281E+03   .9848686  .1733024  .0004553
T  288  9 .8208052E+07   2146380E-02  .3886E+04  .5524E+01   .9836736  .1798486  .0063798
T  289  9 .8219702E+07   2146542E-02  .3674E+04 -.4911E+02   .9861785  .1656171 -.0047863
T  290  9 .8186731E+07   2150654E-02  .3860E+04  .1703E+03   .9832388  .1820668  .0096497
T  291  9 .8154325E+07   2143742E-02  .3754E+04 -.6738E+01   .9863319  .1647442 -.0029555
T  292  9 .8167017E+07   2142780E-02  .3620E+04 -.2017E+03   .9869489  .1607009 -.0103470
T  293  9 .8259176E+07   2135841E-02  .3802E+04 -.8954E+02   .9852353  .1711570 -.0040918
T  294  9 .8232306E+07   2134895E-02  .3606E+04  .6900E+02   .9871800  .1595160  .0054946
T  295  9 .8263022E+07   2135896E-02  .3785E+04  .1287E+03   .9829256  .1839680  .0036117
T  296  9 .8139279E+07   2137776E-02  .3854E+04  .1025E+03   .9848473  .1733893  .0034470
T  297  9 .8146698E+07   2140118E-02  .3486E+04 -.1090E+03   .9872148  .1588936 -.0126420
T  298  9 .8290386E+07   2130866E-02  .3667E+04  .5884E+02   .9850505  .1722657 -.0001900
T  299  9 .8093406E+07   2137149E-02  .3804E+04 -.1884E+02   .9850115  .1724327 -.0043937
T  300  9 .8156912E+07   2135222E-02  .3709E+04 -.5340E+02   .9858773  .1674669 -.0008490
T  301  9 .8142874E+07   2140672E-02  .3620E+04 -.2894E+03   .9876095  .1555018 -.0211358
T  302  9 .8230879E+07   2136035E-02  .3886E+04 -.3605E+02   .9831762  .1826286  .0033604
T  303  9 .8197743E+07   2141002E-02  .3814E+04  .6335E+02   .9835175  .1806576  .0074943
T  304  9 .8222175E+07   2135922E-02  .3815E+04  .6861E+02   .9840064  .1780478  .0055143
T  305  9 .8120640E+07   2136217E-02  .3671E+04 -.2463E+02   .9854875  .1696337 -.0062282
T  306  9 .8211132E+07   2142892E-02  .3733E+04 -.9731E+02   .9849233  .1728782 -.0062618
T  307  9 .8250243E+07   2145201E-02  .3681E+04 -.2715E+02   .9874696  .1574822 -.0101525
T  308  9 .8114539E+07   2139920E-02  .4012E+04  .2017E+03   .9812096  .1919100  .0199544
T  309  9 .8226658E+07   2143761E-02  .3725E+04  .1511E+02   .9860878  .1661894 -.0034474
T  310  9 .8267581E+07   2149045E-02  .3660E+04 -.1828E+01   .9877299  .1561099  .0043958
T  311  9 .8191876E+07   2138465E-02  .3847E+04 -.8159E+02   .9815041  .1912026 -.0095531
T  312  9 .8240798E+07   2134547E-02  .3883E+04 -.7867E+02   .9824161  .1866956 -.0018275
T  313  9 .8197822E+07   2148771E-02  .3818E+04 -.1118E+03   .9845895  .1748641 -.0024689
T  314  9 .8196511E+07   2135564E-02  .3702E+04  .2235E+01   .9838473  .1789934  .0024374
T  315  9 .8202728E+07   2140071E-02  .3898E+04 -.4153E+03   .9780821  .2011635 -.0537465
T  316  9 .8174137E+07   2136483E-02  .3736E+04  .7648E+02   .9849013  .1730367  .0052629
T  317  9 .8190595E+07   2144371E-02  .4003E+04  .1101E+03   .9839144  .1786393  .0007066
T  318  9 .8224379E+07   2135233E-02  .3808E+04 -.9113E+02   .9825959  .1857464 -.0018601
T  319  9 .8207796E+07   2142750E-02  .3707E+04  .7087E+01   .9856156  .1688474 -.0072421
T  320  9 .8134679E+07   2140989E-02  .3716E+04 -.2322E+03   .9853106  .1695022 -.0207852
T  321  9 .8194886E+07   2148060E-02  .3737E+04 -.1283E+02   .9828162  .1845210 -.0049230
T  322  9 .8170695E+07   2143415E-02  .3793E+04  .6841E+02   .9857730  .1680131  .0048230
T  323  9 .8162819E+07   2134819E-02  .3643E+04 -.7351E+02   .9864950  .1637843  .0015033
T  324  9 .8178499E+07   2137143E-02  .3817E+04  .3595E+03   .9835691  .1792444  .0215257
T  325  9 .8160070E+07   2134456E-02  .3781E+04  .2949E+02   .9839371  .1784825  .0034464
T  326  9 .8254225E+07   2130262E-02  .3726E+04 -.1884E+03   .9848347  .1724937 -.0186180
T  327  9 .8159664E+07   2142550E-02  .3677E+04  .6617E+02   .9864743  .1638681  .0039647
T  328  9 .8187223E+07   2138001E-02  .3626E+04  .1226E+02   .9869189  .1612158  .0007493
T  329  9 .8121113E+07   2136487E-02  .3745E+04 -.1848E+03   .9817352  .1898820 -.0118679
T  330  9 .8244710E+07   2137241E-02  .3787E+04 -.4856E+03   .9848568  .1709444 -.0288986
T  331  9 .8107268E+07   2136785E-02  .3887E+04 -.5239E+01   .9798898  .1995189  .0028660
T  332  9 .8148699E+07   2137871E-02  .3837E+04 -.9464E+02   .9837672  .1789056 -.0139566
T  333  9 .8260508E+07   2138243E-02  .3859E+04 -.2970E+02   .9840407  .1778898  .0043678
T  334  9 .8238155E+07   2144327E-02  .3678E+04 -.2018E+02   .9854643  .1698815 -.0006040
T  335  9 .8227486E+07   2140449E-02  .3690E+04  .2763E+03   .9841096  .1760151  .0233878
T  336  9 .8295163E+07   2141086E-02  .3752E+04 -.8351E+02   .9852413  .1711663  .0012749
T  337  9 .8208280E+07   2150260E-02  .3844E+04  .3206E+02   .9841823  .1770250  .0068786
T  338  9 .8183478E+07   2144113E-02  .3765E+04  .9974E+02   .9850393  .1722042  .0065868
T  339  9 .8221196E+07   2142828E-02  .3695E+04  .1375E+03   .9869066  .1611582  .0065813
T  340  9 .8173549E+07   2143837E-02  .3715E+04 -.1198E+03   .9859236  .1671475 -.0040529
T  341  9 .8133334E+07   2138856E-02  .3866E+04  .9023E+02   .9861011  .1656021  .0134407
T  342  9 .8200018E+07   2142500E-02  .3637E+04 -.3831E+02   .9840486  .1759026  .0265831
T  343  9 .8193830E+07   2139064E-02  .3690E+04 -.2752E+03   .9863185  .1641376 -.0153185
T  344  9 .8205229E+07   2145797E-02  .3820E+04  .9124E+02   .9854543  .1698975  .0038202
T  345  9 .8268560E+07   2146440E-02  .3763E+04 -.6518E+02   .9848674  .1732608 -.0041201
T  346  9 .8162163E+07   2142279E-02  .3778E+04  .4293E+02   .9857476  .1680297  .0082247
T  347  9 .8200938E+07   2145324E-02  .3928E+04  .2664E+03   .9828137  .1839312  .0157037
T  348  9 .8200435E+07   2146269E-02  .3792E+04  .5508E+02   .9854138  .1701175  .0044287
T  349  9 .8244573E+07   2148700E-02  .3759E+04  .5078E+02   .9845292  .1751118  .0061807
T  350  9 .8218929E+07   2136925E-02  .3887E+04 -.9975E+02   .9768366  .2139388 -.0045200
T  351  9 .8174157E+07   2143009E-02  .3681E+04  .4189E+02   .9863767  .1631052  .0213947
T  352  9 .8187868E+07   2140336E-02  .3751E+04  .1388E+03   .9854745  .1697084  .0062455
T  353  9 .8303586E+07   2139540E-02  .3681E+04  .9294E+01   .9864143  .1642642 -.0020149
T  354  9 .8229276E+07   2137206E-02  .3868E+04 -.4106E+03   .9826805  .1837600 -.0239036
T  355  9 .8216951E+07   2145427E-02  .3768E+04  .9461E+01   .9845302  .1752099  .0013438
T  356  9 .8280908E+07   2138211E-02  .4075E+04  .6138E+02   .9796362  .2005665  .0092765
T  357  9 .8126798E+07   2135292E-02  .3829E+04 -.1029E+03   .9852175  .1712615 -.0040075
T  358  9 .8121483E+07   2134943E-02  .3815E+04  .7597E+02   .9825647  .1850120  .0183628
T  359  9 .8176505E+07   2147911E-02  .3787E+04  .6196E+02   .9849934  .1722870  .0102555
T  360  9 .8273749E+07   2141945E-02  .3668E+04 -.4586E+02   .9849950  .1725697 -.0021242
T  361  9 .8222750E+07   2136825E-02  .3750E+04  .2424E+03   .9855178  .1691991  .0112371
T  362  9 .8238569E+07   2136399E-02  .3660E+04  .9705E+02   .9844459  .1755273  .0075147
T  363  9 .8273393E+07   2136840E-02  .3856E+04  .3515E+01   .9836930  .1798509  .0012832
T  364  9 .8281773E+07   2136168E-02  .3607E+04  .1496E+03   .9858702  .1674727  .0035705
T  365  9 .8192345E+07   2140172E-02  .3847E+04  .4289E+03   .9834792  .1782042  .0318116
T  366  9 .8110816E+07   2141501E-02  .3702E+04  .1792E+02   .9868587  .1614202  .0073066
T  367  9 .8197176E+07   2147650E-02  .3785E+04 -.3664E+02   .9852742  .1709795 -.0008826
T  368  9 .8179848E+07   2144899E-02  .3733E+04  .3588E+02   .9864206  .1638675  .0110412
T  369  9 .8185303E+07   2151588E-02  .3882E+04 -.1048E+03   .9843528  .1761677  .0038199
T  370  9 .8222673E+07   2138606E-02  .3683E+04  .5297E+02   .9865499  .1634600 -.0004107
T  371  9 .8336735E+07   2140413E-02  .3597E+04 -.3476E+02   .9864924  .1638041 -.0009872
T  372  9 .8287768E+07   2148096E-02  .3692E+04  .3265E+01   .9865830  .1631287  .0065629
T  373  9 .8181558E+07   2134853E-02  .3670E+04 -.7943E+02   .9844894  .1753512 -.0057077
T  374  9 .8078279E+07   2142313E-02  .3597E+04  .1319E+03   .9903704  .1371705  .0187286
T  375  9 .8261293E+07   2135993E-02  .3847E+04 -.1661E+03   .9833270  .1810358 -.0171491
T  376  9 .8157423E+07   2135759E-02  .3664E+04  .2874E+02   .9869777  .1605472  .0099846
T  377  9 .8277837E+07   2142939E-02  .3837E+04 -.3533E+02   .9848704  .1732728 -.0026183
T  378  9 .8221907E+07   2135958E-02  .3754E+04  .2530E+03   .9853659  .1682217  .0274871
T  379  9 .8273380E+07   2139861E-02  .3666E+04  .1127E+03   .9832713  .1818305  .0107330
T  380  9 .8198652E+07   2143243E-02  .3868E+04 -.2452E+03   .9848156  .1714066 -.0275325
T  381  9 .8151467E+07   2135164E-02  .3698E+04  .1646E+03   .9853087  .1702453  .0135370
T  382  9 .8284242E+07   2139787E-02  .3848E+04 -.4061E+02   .9841669  .1771954 -.0041701
T  383  9 .8164521E+07   2140983E-02  .3839E+04  .1696E+03   .9830616  .1828899  .0118811
T  384  9 .8234666E+07   2139202E-02  .3854E+04  .1480E+03   .9827816  .1846310  .0071908
T  385  9 .8209393E+07   2145562E-02  .4031E+04  .1195E+03   .9832884  .1819597 -.0058749
T  386  9 .8294945E+07   2139998E-02  .3759E+04  .8483E+02   .9844044  .1753512  .0141429
T  387  9 .8152282E+07   2138553E-02  .3644E+04 -.4373E+02   .9871046  .1596892  .0111306
T  388  9 .8382285E+07   2149233E-02  .3725E+04 -.2107E+02   .9854411  .1699073 -.0061085
T  389  9 .8279817E+07   2139739E-02  .3730E+04  .2601E+03   .9849152  .1711325  .0256078
T  390  9 .8168564E+07   2138225E-02  .3790E+04 -.2218E+02   .9847200  .1740674 -.0052083
T  391  9 .8243807E+07   2144512E-02  .3726E+04 -.2692E+03   .9859571  .1666647 -.0105571
T  392  9 .8148894E+07   2136278E-02  .3787E+04 -.8371E+02   .9841672  .1767347 -.0134085
T  393  9 .8131906E+07   2143523E-02  .3781E+04  .1338E+03   .9851764  .1656153  .0447094
T  394  9 .8147008E+07   2134195E-02  .3731E+04 -.7596E+02   .9851964  .1712970 -.0067413
T  395  9 .8287021E+07   2136760E-02  .3645E+04 -.2375E+03   .9878955  .1508056 -.0363336
T  396  9 .8226576E+07   2143079E-02  .3577E+04  .3545E+02   .9873657  .1583670  .0053708
T  397  9 .8197257E+07   2147583E-02  .3671E+04  .1865E+03   .9857851  .1674829  .0133136
T  398  9 .8220465E+07   2138885E-02  .3949E+04 -.1781E+03   .9817434  .1897686 -.0129532
T  399  9 .8215186E+07   2140813E-02  .3736E+04  .1260E+03   .9844055  .1757846  .0067494
T  400  9 .8131684E+07   2144673E-02  .3862E+04  .1277E+02   .9818645  .1890129 -.0147036
T  401  9 .8288677E+07   2141126E-02  .3954E+04  .5731E+02   .9825156  .1861797  .0003397
T  402  9 .8259347E+07   2137961E-02  .3654E+04 -.1094E+03   .9873055  .1587802 -.0040842
T  403  9 .8234005E+07   2139135E-02  .3785E+04 -.1339E+03   .9832480  .1817689 -.0135449
T  404  9 .8152112E+07   2140831E-02  .3445E+04  .1110E+03   .9906837  .1356555  .0119755
T  405  9 .8265332E+07   2136001E-02  .3747E+04  .1979E+03   .9857204  .1680460  .0107642
T  406  9 .8156970E+07   2149433E-02  .3839E+04  .1141E+03   .9830596  .1832296  .0045499
T  407  9 .8184972E+07   2137894E-02  .3871E+04  .3240E+02   .9840819  .1777039 -.0020320
T  408  9 .8272003E+07   2148277E-02  .3800E+04  .1565E+03   .9838021  .1789062  .0112227
T  409  9 .8102537E+07   2143536E-02  .3595E+04 -.7773E+02   .9875931  .1568969 -.0065810
T  410  9 .8169840E+07   2140557E-02  .3711E+04 -.1969E+03   .9850308  .1718394 -.0136214
T  411  9 .8201371E+07   2145864E-02  .3605E+04 -.1173E+03   .9870243  .1595260 -.0182901
T  412  9 .8257766E+07   2136122E-02  .3716E+04  .9898E+02   .9865667  .1630635  .0098191
T  413  9 .8156870E+07   2141221E-02  .4219E+04 -.3758E+03   .9804270  .1960644 -.0179367
T  414  9 .8256370E+07   2150287E-02  .3810E+04 -.1719E+02   .9847374  .1740237 -.0028183
T  415  9 .8265736E+07   2141946E-02  .3647E+04 -.2016E+03   .9867227  .1612865 -.0191040
T  416  9 .8221482E+07   2144008E-02  .3758E+04 -.1048E+03   .9858777  .1674240 -.0037827
T  417  9 .8275385E+07   2136428E-02  .3835E+04  .1098E+03   .9825052  .1862067  .0032461
T  418  9 .8226497E+07   2141316E-02  .3542E+04 -.1878E+02   .9869528  .1610036 -.0014258
T  419  9 .8245421E+07   2135709E-02  .3827E+04 -.2511E+03   .9836846  .1790379 -.0176090
T  420  9 .8214920E+07   2134916E-02  .3725E+04  .5055E+02   .9845316  .1746545  .0139029
T  421  9 .8204886E+07   2135577E-02  .3785E+04 -.8163E+01   .9862568  .1651290 -.0054727
T  422  9 .8321103E+07   2137108E-02  .3956E+04  .7482E+02   .9807100  .1954276  .0039846
T  423  9 .8234012E+07   2140821E-02  .3659E+04  .1460E+03   .9854425  .1695276  .0127828
T  424  9 .8187662E+07   2137396E-02  .3822E+04  .3636E+03   .9825327  .1840889  .0272157
T  425  9 .8229557E+07   2150490E-02  .3785E+04 -.1100E+03   .9852293  .1706942 -.0136622
T  426  9 .8270228E+07   2130319E-02  .3748E+04  .2384E+03   .9855862  .1685330  .0147133
T  427  9 .8095904E+07   2142417E-02  .3910E+04 -.3088E+02   .9830270  .1833414 -.0066204
T  428  9 .8149633E+07   2144093E-02  .3928E+04  .8740E+02   .9821442  .1881282  .0008088
T  429  9 .8217395E+07   2145542E-02  .3776E+04 -.1888E+03   .9840184  .1772910 -.0166026
T  430  9 .8124341E+07   2151832E-02  .3731E+04  .8188E+02   .9841777  .1770586  .0066741
T  431  9 .8280410E+07   2136524E-02  .3701E+04  .1192E+03   .9858496  .1671749  .0123727
T  432  9 .8168488E+07   2137132E-02  .3651E+04 -.4342E+02   .9859890  .1667431  .0047367
T  433  9 .8159646E+07   2136291E-02  .3770E+04  .2842E+03   .9847372  .1723418  .0243104
T  434  9 .8249123E+07   2144118E-02  .3655E+04 -.9016E+02   .9862787  .1647119 -.0111521
T  435  9 .8166112E+07   2146097E-02  .3781E+04 -.6552E+02   .9844753  .1754701 -.0043289
T  436  9 .8195857E+07   2144506E-02  .3600E+04  .3321E+03   .9870820  .1577357  .0280828
T  437  9 .8161084E+07   2137059E-02  .3697E+04  .9811E+02   .9851980  .1713622  .0044652
T  438  9 .8308250E+07   2141811E-02  .3719E+04 -.5188E+02   .9853261  .1706784  .0011678
T  439  9 .8243902E+07   2139350E-02  .3831E+04  .1312E+03   .9850964  .1719628  .0037175
T  440  9 .8190501E+07   2145621E-02  .3952E+04 -.1137E+03   .9819806  .1889356 -.0041687
T  441  9 .8223819E+07   2140270E-02  .3717E+04 -.1584E+02   .9842686  .1766751 -.0011147
T  442  9 .8197837E+07   2141854E-02  .3775E+04  .7466E+02   .9860747  .1660259  .0096014
T  443  9 .8203357E+07   2144412E-02  .3714E+04 -.1815E+02   .9852759  .1709163 -.0043527
T  444  9 .8293517E+07   2141148E-02  .3465E+04  .4915E+02   .9871361  .1597447  .0066282
T  445  9 .8143959E+07   2136228E-02  .3716E+04 -.7698E+02   .9914570  .1250414  .0371170
T  446  9 .8123383E+07   2147851E-02  .3786E+04  .3303E+02   .9851650  .1716067 -.0009852
T  447  9 .8267205E+07   2143670E-02  .3814E+04 -.1094E+02   .9852695  .1710051 -.0011456
T  448  9 .8204893E+07   2135182E-02  .3897E+04  .2243E+03   .9837368  .1785116  .0198853
T  449  9 .8167147E+07   2135628E-02  .3748E+04  .1162E+03   .9856958  .1685344 -.0000741
T  450  9 .8235775E+07   2136457E-02  .3780E+04 -.1009E+02   .9856802  .1685375  .0054517
T  451  9 .8189613E+07   2143132E-02  .3723E+04 -.8765E+02   .9840988  .1773911 -.0090464
T  452  9 .8271531E+07   2141016E-02  .3889E+04 -.1318E+03   .9844625  .1753551 -.0091736
T  453  9 .8231847E+07   2136402E-02  .3774E+04 -.2804E+02   .9838569  .1787070 -.0094571
T  454  9 .8137650E+07   2134227E-02  .3801E+04  .2712E+03   .9847568  .1729365  .0186275
T  455  9 .8226414E+07   2136271E-02  .3627E+04 -.1333E+03   .9855662  .1688043 -.0128193
T  456  9 .8107381E+07   2142275E-02  .3799E+04 -.5057E+02   .9847978  .1734680 -.0090619
T  457  9 .8196619E+07   2135635E-02  .3817E+04 -.1960E+03   .9851033  .1715015 -.0125989
T  458  9 .8133674E+07   2135712E-02  .3478E+04  .1815E+03   .9887028  .1498851  .0011185
T  459  9 .8297606E+07   2138066E-02  .3803E+04  .1795E+02   .9847323  .1739116  .0075488
T  460  9 .8244149E+07   2145738E-02  .3923E+04 -.7592E+02   .9828892  .1840408 -.0076081
T  461  9 .8219457E+07   2134699E-02  .3574E+04 -.3048E+02   .9869102  .1611317 -.0066904
T  462  9 .8231962E+07   2135016E-02  .3757E+04 -.8354E+02   .9845842  .1748597  .0042406
T  463  9 .8127078E+07   2147212E-02  .3744E+04  .2353E+03   .9863354  .1634260  .0208438
T  464  9 .8188484E+07   2138883E-02  .3855E+04  .4061E+02   .9828585  .1843268 -.0035839
T  465  9 .8157270E+07   2137464E-02  .3704E+04  .4585E+02   .9858791  .1671811  .0096393
T  466  9 .8113021E+07   2143011E-02  .3723E+04 -.6670E+01   .9861012  .1660264 -.0062945
T  467  9 .8164145E+07   2137332E-02  .3756E+04 -.1050E+03   .9837693  .1794366  .0007068
T  468  9 .8165929E+07   2142602E-02  .3775E+04  .1120E+03   .9852891  .1707345  .0074195
T  469  9 .8180428E+07   2143919E-02  .3890E+04  .6552E+01   .9834068  .1813863 -.0031695
T  470  9 .8228662E+07   2142052E-02  .3817E+04 -.1485E+03   .9844545  .1748997 -.0161058
T  471  9 .8167919E+07   2143708E-02  .3747E+04  .6738E+02   .9861977  .1655262  .0038951
T  472  9 .8134392E+07   2141815E-02  .4009E+04 -.1476E+03   .9800056  .1987618 -.0090974
T  473  9 .8221546E+07   2147903E-02  .3777E+04 -.7651E+02   .9853168  .1705758 -.0073948
T  474  9 .8215038E+07   2135364E-02  .3849E+04  .5128E+02   .9830672  .1831290  .0065250
T  475  9 .8017688E+07   2145759E-02  .3826E+04 -.2184E+03   .9839559  .1777771 -.0150336
T  476  9 .8136149E+07   2148538E-02  .3673E+04  .1620E+03   .9871353  .1591019  .0158264
T  477  9 .8180758E+07   2142100E-02  .3758E+04  .1643E+03   .9840316  .1775274  .0128785
T  478  9 .8165783E+07   2134988E-02  .3705E+04  .1250E+03   .9861310  .1658452  .0064073
T  479  9 .8292350E+07   2137292E-02  .3551E+04 -.2292E+02   .9872255  .1593229  .0014020
T  480  9 .8211839E+07   2135613E-02  .3680E+04  .6407E+02   .9852691  .1709973  .0021825
T  481  9 .8243337E+07   2135227E-02  .3565E+04 -.2667E+03   .9870710  .1582270 -.0255939
T  482  9 .8242137E+07   2150233E-02  .3852E+04  .1499E+03   .9846208  .1744855  .0087597
T  483  9 .8221621E+07   2134911E-02  .3743E+04  .7639E+02   .9870705  .1597614 -.0129640
T  484  9 .8112074E+07   2143717E-02  .3660E+04 -.7663E+02   .9874835  .1572729 -.0119017
T  485  9 .8161084E+07   2138352E-02  .3252E+04 -.3682E+01   .9882953  .1525483  .0011740
T  486  9 .8262586E+07   2141721E-02  .3706E+04  .1029E+03   .9857381  .1682753 -.0019497
T  487  9 .8249420E+07   2138453E-02  .3673E+04  .2009E+03   .9854664  .1691126  .0160289
T  488  9 .8154632E+07   2144122E-02  .4454E+04  .2167E+03   .9769470  .2128749  .0160880
T  489  9 .8225435E+07   2141537E-02  .3835E+04  .2249E+03   .9856172  .1685808  .0118012
T  490  9 .8201548E+07   2137220E-02  .3753E+04  .5691E+02   .9843600  .1761554  .0021679
T  491  9 .8248629E+07   2135457E-02  .3756E+04 -.2379E+03   .9855324  .1680177 -.0222691
T  492  9 .8169453E+07   2133960E-02  .3826E+04 -.5199E+02   .9839915  .1781765 -.0037295
T  493  9 .8144420E+07   2140516E-02  .3896E+04 -.2317E+01   .9780244  .2043613  .0412877
T  494  9 .8207418E+07   2136238E-02  .3874E+04  .6714E+02   .9828002  .1846717  .0003539
T  495  9 .8293815E+07   2141187E-02  .3668E+04  .7993E+02   .9857952  .1679457  .0014356
T  496  9 .8129410E+07   2133739E-02  .3907E+04  .1853E+03   .9839071  .1776772  .0189096
T  497  9 .8158009E+07   2143063E-02  .3881E+04  .1890E+02   .9840636  .1776963  .0065471
T  498  9 .8153039E+07   2142040E-02  .3562E+04  .5258E+02   .9932926  .1140187 -.0192240
T  499  9 .8203081E+07   2145934E-02  .3896E+04 -.3552E+01   .9834293  .1810907 -.0085465
T  500  9 .8177955E+07   2139423E-02  .3871E+04 -.4524E+02   .9839896  .1776401 -.0144382
T  501  9 .8178751E+07   2140727E-02  .3857E+04  .1081E+03   .9841212  .1768637  .0149891
T  502  9 .8207044E+07   2137805E-02  .3825E+04 -.1905E+03   .9844178  .1757590 -.0055141
T  503  9 .8225427E+07   2138544E-02  .3718E+04  .1159E+03   .9855939  .1690099  .0063442
T  504  9 .8201009E+07   2135339E-02  .3779E+04 -.6645E+01   .9841728  .1772087 -.0009737
T  505  9 .8268996E+07   2140960E-02  .3821E+04 -.9571E+02   .9841174  .1773182 -.0084355
T  506  9 .8158187E+07   2141766E-02  .3704E+04 -.6967E+02   .9849313  .1727993 -.0071230
T  507  9 .8247530E+07   2138818E-02  .3602E+04  .4277E+03   .9871725  .1569230  .0294205
T  508  9 .8130620E+07   2144288E-02  .3449E+04  .1387E+03   .9879257  .1545241  .0111841
T  509  9 .8301075E+07   2145702E-02  .3952E+04  .1032E+03   .9808488  .1945786  .0086463
T  510  9 .8147726E+07   2144633E-02  .3710E+04 -.1187E+03   .9849021  .1728525 -.0094800
T  511  9 .8238245E+07   2143352E-02  .3892E+04 -.4771E+02   .9840716  .1777172 -.0044343
T  512  9 .8169193E+07   2139237E-02  .3676E+04  .1560E+03   .9858488  .1671138  .0132334
T  513  9 .8161378E+07   2136295E-02  .3772E+04  .1154E+03   .9852267  .1711808  .0050473
T  514  9 .8165043E+07   2142042E-02  .3825E+04 -.1649E+02   .9838145  .1790608 -.0067939
T  515  9 .8199990E+07   2139146E-02  .3673E+04 -.7111E+01   .9864625  .1638457 -.0068109
T  516  9 .8151440E+07   2140907E-02  .3725E+04  .1105E+02   .9851955  .1714217 -.0021068
T  517  9 .8177018E+07   2148669E-02  .3762E+04 -.4473E+02   .9849270  .1727921 -.0078487
T  518  9 .8089812E+07   2138772E-02  .3794E+04  .3196E+02   .9830939  .1831017  .0004616
T  519  9 .8152235E+07   2137840E-02  .3926E+04  .1023E+03   .9826766  .1853268  .0007793
T  520  9 .8177866E+07   2137238E-02  .3725E+04  .5520E+02   .9854972  .1696446  .0039987
T  521  9 .8275990E+07   2143213E-02  .3714E+04  .6542E+01   .9849714  .1726548  .0046642
T  522  9 .8210124E+07   2138671E-02  .3574E+04  .7595E+02   .9899692  .1405838  .0140400
T  523  9 .8140366E+07   2146470E-02  .4035E+04  .1053E+03   .9820366  .1884156  .0101822
T  524  9 .8348551E+07   2142706E-02  .3542E+04 -.7878E+02   .9876561  .1566376  .0000175
T  525  9 .8220821E+07   2134089E-02  .4030E+04 -.5791E+02   .9810504  .1936538 -.0061884
T  526  9 .8225125E+07   2140029E-02  .3563E+04  .1081E+02   .9870295  .1604424  .0055744
T  527  9 .8246820E+07   2134949E-02  .3860E+04 -.6602E+02   .9831426  .1827811  .0046620
T  528  9 .8100298E+07   2133157E-02  .3849E+04  .1312E+03   .9835834  .1798858  .0143122
T  529  9 .8187911E+07   2134752E-02  .3849E+04 -.4607E+01   .9817506  .1897509  .0126631
T  530  9 .8261788E+07   2141487E-02  .3739E+04 -.1841E+03   .9853761  .1703766 -.0024168
T  531  9 .8141629E+07   2144320E-02  .3768E+04  .1087E+03   .9848976  .1727022  .0122725
T  532  9 .8255010E+07   2137384E-02  .3523E+04  .1802E+03   .9878308  .1549456  .0134954
T  533  9 .8192286E+07   2144578E-02  .3577E+04 -.1007E+03   .9872671  .1590369  .0032989
T  534  9 .8254129E+07   2141921E-02  .3740E+04  .5796E+02   .9842002  .1767522 -.0104249
T  535  9 .8190365E+07   2135318E-02  .3775E+04 -.7234E+02   .9880426  .1533238 -.0162384
T  536  9 .8115151E+07   2147681E-02  .4329E+04  .2274E+03   .9780147  .2082183  .0115092
T  537  9 .8219317E+07   2147730E-02  .3864E+04  .6524E+02   .9836955  .1796822  .0075784
T  538  9 .8120223E+07   2147911E-02  .3997E+04  .9255E+02   .9840382  .1770190  .0182489
T  539  9 .8232692E+07   2141454E-02  .3664E+04  .1371E+03   .9881660  .1532103  .0073888
T  540  9 .8299097E+07   2144669E-02  .3620E+04  .9281E+02   .9860635  .1662049  .0073947
T  541  9 .8147531E+07   2148780E-02  .3913E+04 -.2089E+03   .9834506  .1806253 -.0141240
T  542  9 .8157605E+07   2144797E-02  .3844E+04  .6701E+02   .9835831  .1749978  .0440466
T  543  9 .8096248E+07   2144316E-02  .3974E+04  .1602E+03   .9828152  .1837092  .0180339
T  544  9 .8110774E+07   2142174E-02  .3887E+04 -.2042E+03   .9844351  .1755158 -.0090398
T  545  9 .8207725E+07   2134949E-02  .3542E+04  .5310E+02   .9873259  .1586735 -.0032215
T  546  9 .8235856E+07   2142313E-02  .3792E+04  .1383E+03   .9843493  .1762245 -.0011732
T  547  9 .8180864E+07   2146309E-02  .3858E+04 -.9627E+02   .9860548  .1657932 -.0144419
T  548  9 .8104714E+07   2145476E-02  .3764E+04  .2516E+02   .9854638  .1698811 -.0012531
T  549  9 .8125835E+07   2138372E-02  .3863E+04  .8044E+02   .9848089  .1734961  .0071100
T  550  9 .8237608E+07   2135199E-02  .3740E+04 -.1905E+01   .9848937  .1731463 -.0021827
T  551  9 .8233143E+07   2135975E-02  .3703E+04 -.1501E+02   .9862746  .1645351 -.0138066
T  552  9 .8173238E+07   2143535E-02  .3490E+04  .6762E+01   .9879152  .1549697 -.0028332
T  553  9 .8161840E+07   2140478E-02  .3632E+04  .2354E+02   .9854146  .1701693  .0006639
T  554  9 .8234243E+07   2141715E-02  .3762E+04 -.7218E+02   .9850399  .1720049 -.0105195
T  555  9 .8262317E+07   2137833E-02  .3731E+04  .6853E+02   .9859706  .1667458  .0075978
T  556  9 .8090806E+07   2135348E-02  .4079E+04 -.1744E+02   .9839915  .1782017 -.0021989
T  557  9 .8238750E+07   2142639E-02  .4076E+04  .1791E+03   .9823296  .1864889  .0158244
T  558  9 .8174148E+07   2134608E-02  .3992E+04 -.4664E+02   .9841212  .1774969 -.0004996
T  559  9 .8158914E+07   2141427E-02  .3880E+04 -.1418E+03   .9830011  .1835308 -.0050198
T  560  9 .8195718E+07   2151695E-02  .3777E+04 -.9423E+02   .9863272  .1644461 -.0107762
T  561  9 .8255181E+07   2138779E-02  .3798E+04 -.8584E+02   .9865398  .1633760 -.0068959
T  562  9 .8222292E+07   2137468E-02  .3458E+04  .1226E+03   .9861868  .1654249  .0083799
T  563  9 .8187618E+07   2145468E-02  .3799E+04 -.8490E+02   .9856195  .1686976 -.0097646
T  564  9 .8218159E+07   2140143E-02  .3640E+04  .4521E+02   .9881144  .1536965 -.0026989
T  565  9 .8194689E+07   2141248E-02  .3693E+04 -.3382E+02   .9883171  .1521269 -.0093069
T  566  9 .8202158E+07   2137630E-02  .3868E+04  .5293E+02   .9839908  .1780088  .0086555
T  567  9 .8158552E+07   2144638E-02  .3891E+04 -.7410E+02   .9827429  .1849110 -.0049358
T  568  9 .8149141E+07   2142231E-02  .3793E+04 -.1171E+03   .9836101  .1802188  .0056942
T  569  9 .8196408E+07   2139270E-02  .3821E+04 -.1977E+02   .9810160  .1937682  .0078485
T  570  9 .8190727E+07   2134704E-02  .3788E+04 -.1743E+03   .9853046  .1705273 -.0097580
T  571  9 .8197443E+07   2136474E-02  .3734E+04 -.2158E+02   .9845275  .1751933 -.0035806
T  572  9 .8176712E+07   2136124E-02  .3962E+04 -.1431E+03   .9756629  .2179353 -.0242104
T  573  9 .8259722E+07   2140391E-02  .3524E+04  .1040E+03   .9894955  .1439409  .0134071
T  574  9 .8242248E+07   2141559E-02  .3857E+04 -.9179E+02   .9840759  .1772996 -.0126306
T  575  9 .8193548E+07   2142197E-02  .3624E+04 -.1562E+02   .9872069  .1591024 -.0104431
T  576  9 .8252177E+07   2138594E-02  .3654E+04 -.3932E+02   .9847840  .1735086 -.0097592
T  577  9 .8126210E+07   2143722E-02  .3855E+04 -.2926E+03   .9826249  .1843964 -.0211230
T  578  9 .8279939E+07   2136422E-02  .3614E+04  .8526E+01   .9871435  .1598303  .0013946
T  579  9 .8242209E+07   2135609E-02  .3760E+04 -.1043E+03   .9837075  .1789327 -.0173943
T  580  9 .8183196E+07   2130680E-02  .3712E+04 -.6670E+02   .9863360  .1642653 -.0125746
T  581  9 .8218393E+07   2141774E-02  .3799E+04  .1022E+03   .9841454  .1764541  .0179370
T  582  9 .8199992E+07   2151763E-02  .3727E+04 -.2169E+03   .9831746  .1806388 -.0271547
T  583  9 .8176236E+07   2137415E-02  .4037E+04  .1161E+03   .9782479  .2074347  .0013991
T  584  9 .8146705E+07   2137052E-02  .3756E+04 -.5960E+02   .9853747  .1703796  .0027475
T  585  9 .8115093E+07   2139397E-02  .3846E+04  .1623E+03   .9845351  .1747223  .0127577
T  586  9 .8122233E+07   2145265E-02  .3995E+04 -.1909E+03   .9833042  .1816808 -.0102459
T  587  9 .8159236E+07   2146254E-02  .3961E+04  .5704E+01   .9835780  .1804591 -.0029857
T  588  9 .8211300E+07   2144589E-02  .3730E+04 -.1150E+03   .9852887  .1706184 -.0097785
T  589  9 .8075019E+07   2137966E-02  .3675E+04  .1378E+03   .9863704  .1444599  .0787708
T  590  9 .8196791E+07   2144996E-02  .3807E+04  .7092E+02   .9830667  .1832158 -.0034342
T  591  9 .8228294E+07   2135040E-02  .3906E+04  .5132E+02   .9832368  .1823328  .0002475
T  592  9 .8192084E+07   2137655E-02  .3599E+04 -.4779E+02   .9891619  .1467697 -.0041764
T  593  9 .8149119E+07   2148704E-02  .3727E+04 -.5556E+02   .9855478  .1693976 -.0000826
T  594  9 .8145371E+07   2134348E-02  .3904E+04  .2703E+00   .9834782  .1807584  .0098471
T  595  9 .8203306E+07   2143682E-02  .3851E+04  .4085E+02   .9839650  .1783307  .0033080
T  596  9 .8080349E+07   2142669E-02  .3818E+04 -.1827E+03   .9824973  .1847277 -.0239746
T  597  9 .8255985E+07   2135574E-02  .3771E+04 -.1534E+03   .9847526  .1738638 -.0058047
T  598  9 .8237796E+07   2142783E-02  .3804E+04  .2531E+03   .9847860  .1729406  .0169736
T  599  9 .8213293E+07   2146225E-02  .3651E+04  .1585E+03   .9876136  .1563598  .0130767
T  600  9 .8258147E+07   2144076E-02  .3857E+04  .1196E+03   .9843138  .1759168  .0134011
T  601  9 .8148574E+07   2134905E-02  .3837E+04 -.1059E+03   .9827427  .1847879 -.0083747
T  602  9 .8298595E+07   2130773E-02  .4080E+04 -.7411E+02   .9790828  .2031817 -.0106776
T  603  9 .8164695E+07   2138349E-02  .4233E+04  .6111E+03   .9751830  .2120142  .0637809
T  604  9 .8176941E+07   2135398E-02  .3622E+04  .6564E+02   .9865669  .1633298  .0030166
T  605  9 .8088276E+07   2135777E-02  .4154E+04 -.3048E+03   .9796954  .1989593 -.0247399
T  606  9 .8120916E+07   2138032E-02  .3965E+04 -.3194E+02   .9822829  .1874034 -.0005998
T  607  9 .8125188E+07   2139712E-02  .3648E+04  .1223E+03   .9878487  .1552567  .0070946
T  608  9 .8259129E+07   2130972E-02  .3858E+04 -.9767E+02   .9836396  .1801132 -.0035050
T  609  9 .8257484E+07   2135075E-02  .3961E+04  .2343E+03   .9829885  .1826135  .0196434
T  610  9 .8171853E+07   2146244E-02  .3772E+04  .5015E+02   .9843297  .1759022 -.0123886
T  611  9 .8297310E+07   2141854E-02  .3838E+04  .8081E+02   .9855298  .1694193 -.0052977
T  612  9 .8285330E+07   2150329E-02  .3734E+04 -.7100E+02   .9858365  .1675814 -.0065431
T  613  9 .8157997E+07   2148705E-02  .3761E+04  .1379E+03   .9847685  .1737962  .0050942
T  614  9 .8167441E+07   2135201E-02  .3563E+04 -.2937E+02   .9882801  .1523301 -.0098988
T  615  9 .8095971E+07   2142205E-02  .3830E+04  .2223E+02   .9839035  .1782792 -.0122617
T  616  9 .8216176E+07   2137758E-02  .3922E+04  .8198E+02   .9837348  .1794766  .0073527
T  617  9 .8172907E+07   2149853E-02  .3757E+04 -.1650E+02   .9855669  .1691674 -.0063516
T  618  9 .8105398E+07   2140887E-02  .3752E+04  .1255E+03   .9859339  .1667183  .0118048
T  619  9 .8226643E+07   2130990E-02  .3764E+04 -.6742E+02   .9856694  .1686632  .0029243
T  620  9 .8268861E+07   2148926E-02  .3467E+04 -.4443E+03   .9879645  .1486755 -.0426829
T  621  9 .8192479E+07   2143913E-02  .3807E+04 -.4469E+02   .9825942  .1857646 -.0003562
T  622  9 .8101161E+07   2150431E-02  .3674E+04  .3926E+02   .9855243  .1691678  .0111399
T  623  9 .8239980E+07   2136444E-02  .3733E+04 -.1057E+02   .9825571  .1857922 -.0079247
T  624  9 .8221602E+07   2142182E-02  .3861E+04 -.6433E+01   .9848594  .1732955 -.0045356
T  625  9 .8182172E+07   2134945E-02  .3948E+04 -.2487E+03   .9812547  .1921933 -.0141760
T  626  9 .8189773E+07   2136686E-02  .3793E+04  .1388E+02   .9839693  .1783143  .0028885
T  627  9 .8099710E+07   2137759E-02  .3769E+04 -.1256E+03   .9853294  .1705300 -.0067477
T  628  9 .8181137E+07   2141515E-02  .3557E+04 -.9328E+01   .9888408  .1488764  .0054504
T  629  9 .8143609E+07   2136772E-02  .3669E+04 -.1416E+03   .9862928  .1639654 -.0184890
T  630  9 .8132776E+07   2135200E-02  .3949E+04  .1399E+03   .9809976  .1937689  .0098639
T  631  9 .8118634E+07   2140027E-02  .3909E+04 -.1708E+03   .9816266  .1907766 -.0036817
T  632  9 .8246184E+07   2148531E-02  .3680E+04 -.8267E+02   .9853579  .1700609 -.0122144
T  633  9 .8265235E+07   2143535E-02  .3853E+04 -.6489E+02   .9840247  .1779998 -.0033783
T  634  9 .8150716E+07   2151600E-02  .3888E+04  .1474E+02   .9824888  .1863193 -.0009803
T  635  9 .8244926E+07   2134912E-02  .3954E+04  .2429E+03   .9814746  .1900525  .0242395
T  636  9 .8163665E+07   2139897E-02  .3798E+04  .3602E+02   .9844719  .1754705 -.0050141
T  637  9 .8277484E+07   2141393E-02  .3785E+04  .5048E+02   .9825275  .1861168 -.0005330
T  638  9 .8198229E+07   2135376E-02  .3836E+04 -.1554E+02   .9835110  .1807420 -.0061925
T  639  9 .8250452E+07   2139820E-02  .3735E+04 -.6751E+02   .9866594  .1627841 -.0021494
T  640  9 .8161704E+07   2138409E-02  .3671E+04  .1219E+01   .9844603  .1755845 -.0028255
T  641  9 .8229269E+07   2140465E-02  .3716E+04 -.7728E+02   .9855528  .1689784 -.0114884
T  642  9 .8144864E+07   2141368E-02  .3688E+04 -.1134E+03   .9862046  .1642509 -.0205477
T  643  9 .8222485E+07   2144437E-02  .3676E+04 -.1347E+03   .9871534  .1597455  .0030940
T  644  9 .8140451E+07   2137088E-02  .3526E+04  .8713E+02   .9880674  .1528736  .0187754
T  645  9 .8242986E+07   2137777E-02  .3604E+04 -.8198E+02   .9869090  .1612394 -.0035218
T  646  9 .8272435E+07   2137103E-02  .3756E+04 -.1748E+02   .9852469  .1711383  .0004740
T  647  9 .8174949E+07   2136485E-02  .3660E+04  .1650E+02   .9869302  .1610534  .0055289
T  648  9 .8274809E+07   2146060E-02  .3789E+04  .3145E+01   .9848742  .1732503  .0026631
T  649  9 .8241895E+07   2142753E-02  .3865E+04  .1002E+03   .9844136  .1756890  .0079563
T  650  9 .8231483E+07   2136277E-02  .3870E+04 -.1288E+03   .9832120  .1824431 -.0029450
T  651  9 .8170707E+07   2148464E-02  .4154E+04  .3262E+03   .9806941  .1950377  .0141192
T  652  9 .8162665E+07   2137178E-02  .3900E+04 -.9254E+01   .9813186  .1923703 -.0027277
T  653  9 .8224556E+07   2137394E-02  .3839E+04  .3030E+02   .9836733  .1799357  .0031680
T  654  9 .8087534E+07   2135877E-02  .3945E+04 -.1540E+03   .9807715  .1950243 -.0072670
T  655  9 .8124768E+07   2135880E-02  .3967E+04 -.7405E+03   .9760874  .1950218 -.0960202
T  656  9 .8154069E+07   2134458E-02  .3739E+04 -.3790E+02   .9868718  .1610531 -.0120841
T  657  9 .8134545E+07   2141379E-02  .4279E+04  .8034E+02   .9788286  .2045587  .0070978
T  658  9 .8161567E+07   2142442E-02  .3712E+04  .1206E+03   .9839887  .1773863  .0173316
T  659  9 .8187867E+07   2136521E-02  .3819E+04  .1825E+03   .9817149  .1890682  .0221143
T  660  9 .8263678E+07   2137586E-02  .3808E+04 -.1324E+03   .9831076  .1820266 -.0191235
T  661  9 .8120565E+07   2146826E-02  .3796E+04  .4652E+02   .9845571  .1748871  .0078624
T  662  9 .8207603E+07   2137351E-02  .3913E+04  .2672E+03   .9834879  .1794902  .0231263
T  663  9 .8145795E+07   2136726E-02  .3654E+04  .5325E+02   .9866585  .1628009  .0008798
T  664  9 .8209777E+07   2137246E-02  .3824E+04  .6681E+00   .9834175  .1812864 -.0050287
T  665  9 .8249805E+07   2136587E-02  .3078E+04 -.1585E+03   .9929163  .1182038 -.0120480
T  666  9 .8089544E+07   2134229E-02  .3996E+04  .2431E+03   .9811437  .1928006  .0136023
T  667  9 .8133752E+07   2138572E-02  .3710E+04 -.9931E+02   .9850880  .1718041 -.0092227
T  668  9 .8254229E+07   2139420E-02  .3927E+04 -.3646E+03   .9836045  .1775609 -.0315331
T  669  9 .8361779E+07   2137690E-02  .3494E+04 -.2946E+02   .9874003  .1581482 -.0054525
T  670  9 .8199557E+07   2149203E-02  .3726E+04 -.1245E+03   .9837159  .1795283 -.0085169
T  671  9 .8325795E+07   2138886E-02  .3651E+04  .5155E+02   .9867501  .1619884  .0091617
T  672  9 .8105264E+07   2142718E-02  .3821E+04  .1360E+03   .9840993  .1773372  .0100071
T  673  9 .8205217E+07   2149828E-02  .3954E+04  .8328E+02   .9837835  .1790195  .0110471
T  674  9 .8274473E+07   2139907E-02  .3764E+04  .4073E+02   .9855640  .1692989  .0012118
T  675  9 .8215658E+07   2140101E-02  .3759E+04  .6433E+02   .9879742  .1546092  .0017084
T  676  9 .8232829E+07   2143269E-02  .3882E+04 -.3501E+03   .9830580  .1822303 -.0197240
T  677  9 .8218820E+07   2143121E-02  .3463E+04 -.2641E+02   .9876267  .1566059 -.0082575
T  678  9 .8162856E+07   2148062E-02  .3929E+04  .5594E+02   .9817287  .1902677 -.0026341
T  679  9 .8160119E+07   2142168E-02  .3700E+04  .2659E+03   .9851365  .1710311  .0159481
T  680  9 .8262947E+07   2144048E-02  .3701E+04 -.1148E+03   .9863320  .1643998 -.0110422
T  681  9 .8253140E+07   2144568E-02  .3844E+04 -.3582E+02   .9836170  .1801339 -.0070316
T  682  9 .8192801E+07   2148071E-02  .4088E+04  .1849E+03   .9807563  .1944605  .0173856
T  683  9 .8186367E+07   2138255E-02  .3874E+04  .5537E+02   .9829216  .1839373  .0056821
T  684  9 .8130768E+07   2133142E-02  .3856E+04  .5968E+02   .9815777  .1910007  .0048912
T  685  9 .8221406E+07   2136540E-02  .3873E+04  .1085E+03   .9829864  .1834558  .0090374
T  686  9 .8133468E+07   2137455E-02  .3627E+04 -.2059E+01   .9860006  .1667130 -.0030896
T  687  9 .8272989E+07   2137274E-02  .3657E+04 -.1444E+03   .9852236  .1708507 -.0120184
T  688  9 .8176462E+07   2142523E-02  .3588E+04  .9680E+01   .9873613  .1584732 -.0019768
T  689  9 .8116955E+07   2146387E-02  .3726E+04 -.6293E+02   .9859140  .1672400  .0021032
T  690  9 .8246475E+07   2136420E-02  .3380E+04  .8915E+02   .9892986  .1458757  .0029277
T  691  9 .8160966E+07   2151149E-02  .3870E+04  .8486E+02   .9840555  .1771513  .0158808
T  692  9 .8151537E+07   2138976E-02  .3879E+04 -.1139E+03   .9821409  .1879482 -.0086423
T  693  9 .8286367E+07   2150251E-02  .3820E+04 -.1346E+03   .9856312  .1688136 -.0057523
T  694  9 .8224069E+07   2137824E-02  .3766E+04 -.6947E+02   .9855854  .1691522 -.0029962
T  695  9 .8306561E+07   2143758E-02  .3799E+04 -.2805E+03   .9835664  .1795303 -.0191307
T  696  9 .8171773E+07   2145038E-02  .3756E+04 -.1937E+02   .9850183  .1723081 -.0069896
T  697  9 .8177927E+07   2142652E-02  .3772E+04 -.4483E+02   .9844621  .1755968 -.0003272
T  698  9 .8137118E+07   2135142E-02  .3919E+04 -.2409E+03   .9850014  .1725225 -.0028741
T  699  9 .8227496E+07   2143161E-02  .3896E+04 -.5473E+02   .9834127  .1811617 -.0089388
T  700  9 .8197258E+07   2144464E-02  .3857E+04 -.3167E+02   .9841764  .1769373 -.0094833
T  701  9 .8159648E+07   2149204E-02  .3697E+04  .1066E+03   .9851750  .1707762  .0162978
T  702  9 .8124535E+07   2151122E-02  .3861E+04 -.1906E+01   .9844062  .1759100 -.0002543
T  703  9 .8263422E+07   2142646E-02  .3722E+04  .5445E+02   .9859060  .1671626  .0067866
T  704  9 .8203126E+07   2147594E-02  .3855E+04  .1101E+02   .9835618  .1805139 -.0045641
T  705  9 .8200388E+07   2145332E-02  .3818E+04  .6893E+02   .9834854  .1809806  .0015752
T  706  9 .8216927E+07   2148983E-02  .3770E+04  .6854E-02   .9848669  .1732433 -.0048864
T  707  9 .8189176E+07   2139049E-02  .3930E+04  .1559E+03   .9826730  .1832480  .0278197
T  708  9 .8281605E+07   2139859E-02  .3723E+04  .1858E+03   .9841705  .1762390  .0186608
T  709  9 .8222412E+07   2140079E-02  .3691E+04  .7038E+02   .9846756  .1742311  .0075844
T  710  9 .8319782E+07   2135191E-02  .3892E+04 -.4539E+02   .9823395  .1868919 -.0089723
T  711  9 .8270931E+07   2137723E-02  .4005E+04 -.3348E+02   .9811139  .1933929  .0038317
T  712  9 .8244178E+07   2135937E-02  .3991E+04  .2903E+03   .9843833  .1747937  .0208963
T  713  9 .8117425E+07   2142302E-02  .3742E+04  .1442E+03   .9839272  .1783377  .0091019
T  714  9 .8263225E+07   2137039E-02  .3814E+04  .7297E+02   .9849830  .1726421  .0017689
T  715  9 .8159218E+07   2140697E-02  .3911E+04  .6226E+02   .9834916  .1809294 -.0029722
T  716  9 .8251497E+07   2148937E-02  .3839E+04 -.1265E+03   .9888777  .1485367 -.0076040
T  717  9 .8196837E+07   2138380E-02  .3847E+04  .3678E+02   .9835433  .1794887  .0206501
T  718  9 .8256930E+07   2137200E-02  .3736E+04 -.7894E+02   .9863684  .1645144 -.0035136
T  719  9 .8218097E+07   2135087E-02  .3665E+04 -.2396E+03   .9860365  .1656339 -.0172462
T  720  9 .8235337E+07   2144658E-02  .3758E+04  .5017E+01   .9848082  .1735977  .0040920
T  721  9 .8285668E+07   2138700E-02  .3658E+04  .3697E+03   .9856793  .1654871  .0324079
T  722  9 .8198134E+07   2150809E-02  .3920E+04 -.9408E+02   .9830800  .1831589 -.0025491
T  723  9 .8193198E+07   2148819E-02  .3849E+04  .1760E+03   .9835858  .1801692  .0098997
T  724  9 .8230031E+07   2134955E-02  .3818E+04 -.1295E+03   .9834767  .1808489 -.0082048
T  725  9 .8347435E+07   2143700E-02  .3608E+04  .6071E+02   .9872245  .1592274  .0058734
T  726  9 .8168097E+07   2137529E-02  .4013E+04 -.2541E+03   .9750906  .2197153 -.0303884
T  727  9 .8150778E+07   2146453E-02  .3730E+04  .1925E+03   .9880437  .1541712  .0009598
T  728  9 .8260455E+07   2139145E-02  .3860E+04  .1294E+03   .9843439  .1758641  .0117855
T  729  9 .8240340E+07   2140418E-02  .3787E+04 -.2318E+03   .9846761  .1736222 -.0163778
T  730  9 .8207539E+07   2136341E-02  .3815E+04  .2483E+02   .9856943  .1680787 -.0124987
T  731  9 .8227901E+07   2136892E-02  .3786E+04  .1094E+03   .9840476  .1777937  .0063004
T  732  9 .8287226E+07   2138926E-02  .3291E+04  .2056E+03   .9898637  .1415282  .0118168
T  733  9 .8283543E+07   2140286E-02  .3622E+04 -.1203E+03   .9842439  .1766868 -.0067578
T  734  9 .8222543E+07   2146178E-02  .3983E+04  .4176E+02   .9830655  .1832308  .0029437
T  735  9 .8190369E+07   2142938E-02  .3762E+04 -.3482E+02   .9849776  .1726800  .0008187
T  736  9 .8252933E+07   2148125E-02  .3779E+04  .2722E+03   .9844173  .1755061  .0109615
T  737  9 .8091955E+07   2138613E-02  .3753E+04 -.6518E+02   .9864148  .1640980 -.0075902
T  738  9 .8213030E+07   2142159E-02  .3719E+04 -.1646E+03   .9830102  .1830182 -.0139743
T  739  9 .8248572E+07   2149372E-02  .3871E+04 -.2776E+03   .9844453  .1736287 -.0268437
T  740  9 .8284440E+07   2139852E-02  .3854E+04 -.1253E+02   .9840482  .1778840  .0025472
T  741  9 .8254022E+07   2142609E-02  .3720E+04  .4325E+01   .9865753  .1633033 -.0011404
T  742  9 .8168115E+07   2137322E-02  .3746E+04 -.8411E+02   .9864250  .1641667 -.0038743
T  743  9 .8259561E+07   2149368E-02  .3733E+04  .4999E+02   .9901869  .1396955  .0038758
T  744  9 .8047345E+07   2142159E-02  .3900E+04  .2223E+02   .9834365  .1812442 -.0018169
T  745  9 .8227324E+07   2142437E-02  .3831E+04 -.1213E+03   .9837168  .1796563 -.0049872
T  746  9 .8172322E+07   2139933E-02  .3996E+04  .7553E+02   .9776527  .2097316  .0144185
T  747  9 .8200857E+07   2135814E-02  .3554E+04  .9133E+02   .9883902  .1518315  .0056571
T  748  9 .8173731E+07   2134313E-02  .3703E+04  .2397E+02   .9855329  .1694729 -.0019463
T  749  9 .8178008E+07   2144435E-02  .3771E+04 -.3527E+02   .9860305  .1664171 -.0070126
T  750  9 .8271461E+07   2148160E-02  .3717E+04  .9830E+01   .9855718  .1691255  .0066981
T  751  9 .8170488E+07   2140091E-02  .4382E+04 -.1072E+03   .9746794  .2236050  .0009324
T  752  9 .8261231E+07   2136783E-02  .3832E+04 -.7106E+01   .9842022  .1770335 -.0022718
T  753  9 .8167199E+07   2145716E-02  .4141E+04 -.9345E+02   .9811934  .1928786 -.0075693
T  754  9 .8146071E+07   2147107E-02  .3725E+04 -.1244E+03   .9868348  .1614677 -.0092387
T  755  9 .8203279E+07   2141376E-02  .3610E+04 -.9134E+02   .9858629  .1675405 -.0021347
T  756  9 .8162170E+07   2138307E-02  .3706E+04 -.1444E+03   .9870962  .1601276  .0004283
T  757  9 .8202534E+07   2139968E-02  .3889E+04 -.1966E+02   .9827310  .1848998 -.0071989
T  758  9 .8195065E+07   2137929E-02  .3989E+04 -.2090E+02   .9809000  .1945127 -.0000990
T  759  9 .8083464E+07   2135298E-02  .3480E+04  .4039E+03   .9804329  .1959473 -.0188674
T  760  9 .8229916E+07   2135114E-02  .3638E+04 -.1088E+03   .9881313  .1535746 -.0033601
T  761  9 .8208219E+07   2144451E-02  .3694E+04  .2428E+02   .9854735  .1698157 -.0021419
T  762  9 .8224528E+07   2140309E-02  .3685E+04 -.9142E+02   .9852679  .1708417 -.0077693
T  763  9 .8172440E+07   2139140E-02  .4004E+04 -.4808E+02   .9813067  .1924472 -.0010698
T  764  9 .8091977E+07   2151665E-02  .3790E+04 -.6706E+02   .9852499  .1710384 -.0053474
T  765  9 .8130744E+07   2147709E-02  .3692E+04  .1778E+03   .9848362  .1730476  .0123371
T  766  9 .8177838E+07   2139818E-02  .3614E+04 -.1150E+03   .9872071  .1589128 -.0129953
T  767  9 .8221001E+07   2138221E-02  .3697E+04 -.2172E+03   .9830629  .1818442 -.0228035
T  768  9 .8247827E+07   2144327E-02  .3762E+04 -.1581E+02   .9844433  .1756934  .0018102
T  769  9 .8215012E+07   2137609E-02  .3852E+04 -.2120E+03   .9838907  .1782968 -.0130118
T  770  9 .8148397E+07   2150067E-02  .3775E+04  .9570E+02   .9841906  .1769443  .0077168
T  771  9 .8138852E+07   2139982E-02  .3663E+04  .4458E+02   .9861246  .1655325  .0125441
T  772  9 .8145150E+07   2134203E-02  .3710E+04  .1323E+01   .9862582  .1652110 -.0002346
T  773  9 .8251744E+07   2135774E-02  .3730E+04  .1123E+03   .9872106  .1594122 -.0017042
T  774  9 .8240231E+07   2136337E-02  .3762E+04 -.9999E+01   .9852013  .1714008 -.0002562
T  775  9 .8124724E+07   2135536E-02  .3671E+04  .1181E+03   .9836415  .1786606  .0230164
T  776  9 .8248119E+07   2147133E-02  .3646E+04 -.1112E+03   .9883707  .1517764 -.0093434
T  777  9 .8177625E+07   2147155E-02  .3709E+04  .1045E+03   .9855759  .1691708  .0046195
T  778  9 .8290730E+07   2151389E-02  .3738E+04  .3971E+02   .9860169  .1666435 -.0007517
T  779  9 .8205715E+07   2137470E-02  .3508E+04 -.6665E+02   .9877178  .1559788 -.0091751
T  780  9 .8132109E+07   2142450E-02  .3870E+04  .7432E+02   .9824696  .1863645 -.0046629
T  781  9 .8249604E+07   2138281E-02  .3777E+04 -.6805E+02   .9855574  .1693248 -.0024126
T  782  9 .8279061E+07   2147022E-02  .3780E+04  .3318E+02   .9850913  .1718550  .0078151
T  783  9 .8160617E+07   2137434E-02  .4113E+04  .2412E+03   .9801195  .1980689  .0115956
T  784  9 .8160140E+07   2148110E-02  .3760E+04  .1638E+03   .9859005  .1651860  .0267154
T  785  9 .8079868E+07   2137875E-02  .3923E+04 -.1382E+03   .9843185  .1763943  .0014804
T  786  9 .8188718E+07   2135029E-02  .3956E+04 -.1951E+02   .9805427  .1962260  .0056064
T  787  9 .8224399E+07   2150883E-02  .3697E+04  .3928E+02   .9860753  .1662201  .0051445
T  788  9 .8145748E+07   2142120E-02  .3789E+04  .6831E+02   .9859686  .1669182 -.0020668
T  789  9 .8074318E+07   2135280E-02  .3784E+04  .8034E+02   .9845102  .1743796  .0182076
T  790  9 .8272354E+07   2142092E-02  .3710E+04  .8043E+02   .9861828  .1655054  .0071664
T  791  9 .8165217E+07   2150726E-02  .3692E+04 -.3573E+01   .9866484  .1628407 -.0027939
T  792  9 .8137341E+07   2137671E-02  .3756E+04  .3135E+02   .9853786  .1702859  .0056281
T  793  9 .8162804E+07   2133518E-02  .3876E+04 -.3384E+03   .9749072  .2118697 -.0683165
T  794  9 .8250408E+07   2149457E-02  .4012E+04  .7574E+02   .9821753  .1876165  .0114731
T  795  9 .8204528E+07   2136882E-02  .3949E+04  .4824E+02   .9844985  .1753571  .0035359
T  796  9 .8201163E+07   2135783E-02  .3756E+04 -.3002E+02   .9841435  .1773603  .0022079
T  797  9 .8134530E+07   2141865E-02  .3918E+04 -.4982E+02   .9825830  .1854413 -.0119200
T  798  9 .8271646E+07   2140006E-02  .3893E+04  .8092E+01   .9833853  .1813033  .0090835
T  799  9 .8235592E+07   2148798E-02  .3676E+04 -.4499E+02   .9867337  .1621317 -.0083616
T  800  9 .8238738E+07   2135462E-02  .3981E+04  .4601E+02   .9828263  .1845208 -.0021087
T  801  9 .8207075E+07   2149830E-02  .3400E+04  .7113E+02   .9889275  .1480089  .0107633
T  802  9 .8143466E+07   2146225E-02  .3678E+04 -.5342E+02   .9871898  .1593725 -.0075328
T  803  9 .8224749E+07   2138678E-02  .3829E+04  .8094E+02   .9830793  .1829526  .0091334
T  804  9 .8123094E+07   2133520E-02  .3968E+04 -.5720E+02   .9801683  .1978435 -.0113128
T  805  9 .8225012E+07   2137978E-02  .3746E+04  .7373E+02   .9854574  .1699217  .0005997
T  806  9 .8251492E+07   2145091E-02  .3836E+04  .1266E+03   .9827052  .1846736  .0136461
T  807  9 .8209112E+07   2145891E-02  .3933E+04 -.1323E+02   .9830442  .1829095 -.0129730
T  808  9 .8216502E+07   2143432E-02  .3723E+04  .8729E+02   .9847421  .1734804  .0136974
T  809  9 .8174108E+07   2134518E-02  .3878E+04 -.2524E+02   .9820603  .1885346 -.0035108
T  810  9 .8136395E+07   2135242E-02  .3868E+04 -.9135E+02   .9829625  .1836986 -.0062825
T  811  9 .8198464E+07   2135577E-02  .3800E+04 -.4718E+02   .9832540  .1822404 -.0003320
T  812  9 .8254516E+07   2141903E-02  .3937E+04 -.8314E+02   .9836370  .1800693 -.0057639
T  813  9 .8242229E+07   2147738E-02  .3621E+04  .2696E+02   .9870421  .1604392 -.0026736
T  814  9 .8208310E+07   2137800E-02  .3780E+04 -.9926E+01   .9876265  .1566270  .0078659
T  815  9 .8240608E+07   2139095E-02  .3786E+04  .8273E+02   .9857239  .1682151 -.0072220
T  816  9 .8137467E+07   2136687E-02  .4250E+04 -.1017E+03   .9773302  .2114083 -.0115015
T  817  9 .8180870E+07   2140413E-02  .3721E+04  .2255E+03   .9853664  .1701021  .0108823
T  818  9 .8151445E+07   2139675E-02  .3407E+04  .2254E+03   .9879390  .1547773  .0045301
T  819  9 .8180851E+07   2143242E-02  .3935E+04 -.1146E+03   .9795418  .2009738 -.0103622
T  820  9 .8154281E+07   2145608E-02  .3586E+04 -.3572E+02   .9880704  .1539223 -.0049880
T  821  9 .8187002E+07   2137561E-02  .4048E+04  .8739E+02   .9828201  .1837192  .0176614
T  822  9 .8144315E+07   2147460E-02  .3535E+04 -.7746E+02   .9876974  .1563271 -.0039683
T  823  9 .8175342E+07   2146461E-02  .3874E+04 -.1028E+03   .9840316  .1779256 -.0049315
T  824  9 .8257971E+07   2140681E-02  .3729E+04  .9584E+02   .9840476  .1775203  .0117010
T  825  9 .8237760E+07   2139044E-02  .3652E+04  .1555E+00   .9867763  .1620664 -.0026455
T  826  9 .8277646E+07   2139868E-02  .3902E+04  .1092E+03   .9840921  .1776448  .0022553
T  827  9 .8197341E+07   2139092E-02  .3826E+04 -.8510E+02   .9854844  .1694752 -.0099283
T  828  9 .8139559E+07   2148689E-02  .3875E+04 -.1169E+03   .9838263  .1787486 -.0116033
T  829  9 .8210813E+07   2137869E-02  .3788E+04  .6891E+02   .9835156  .1805562  .0098276
T  830  9 .8160279E+07   2140157E-02  .3902E+04 -.8679E+02   .9833208  .1817444 -.0070066
T  831  9 .8157067E+07   2135580E-02  .3929E+04 -.3545E+02   .9833253  .1814254 -.0124960
T  832  9 .8251424E+07   2130119E-02  .3793E+04 -.1033E+03   .9845726  .1744266 -.0138612
T  833  9 .8275367E+07   2143905E-02  .3887E+04  .7128E+02   .9839055  .1784739  .0087806
T  834  9 .8297949E+07   2139677E-02  .3683E+04 -.4913E+02   .9850858  .1719850 -.0052148
T  835  9 .8142642E+07   2145055E-02  .3656E+04 -.7019E+02   .9870655  .1603147 -.0009460
T  836  9 .8142614E+07   2143893E-02  .3950E+04  .7209E+02   .9827927  .1846515  .0047191
T  837  9 .8241463E+07   2134920E-02  .3771E+04 -.1503E+02   .9833990  .1814533 -.0010540
T  838  9 .8199569E+07   2142799E-02  .3781E+04  .8536E+02   .9854831  .1696900  .0053340
T  839  9 .8039748E+07   2150346E-02  .3762E+04 -.8646E+01   .9845916  .1748562 -.0021541
T  840  9 .8209191E+07   2137196E-02  .3726E+04 -.7339E+02   .9857645  .1677356 -.0115384
T  841  9 .8220746E+07   2134946E-02  .3742E+04  .1078E+03   .9849544  .1726154  .0082937
T  842  9 .8155239E+07   2146185E-02  .3912E+04 -.6554E+02   .9843088  .1764377  .0024183
T  843  9 .8237201E+07   2136739E-02  .3832E+04  .4604E+02   .9829774  .1833732  .0113870
T  844  9 .8233132E+07   2142981E-02  .4031E+04 -.5360E+02   .9813557  .1918176 -.0121211
T  845  9 .8133785E+07   2146823E-02  .3727E+04 -.3378E+02   .9857219  .1670580 -.0210682
T  846  9 .8221153E+07   2140259E-02  .3835E+04  .1243E+03   .9864986  .1631650  .0140605
T  847  9 .8093149E+07   2143788E-02  .3728E+04 -.1728E+02   .9837145  .1797290  .0018218
T  848  9 .8244060E+07   2144391E-02  .3875E+04 -.1181E+03   .9842750  .1761677 -.0129457
T  849  9 .8194118E+07   2135525E-02  .4186E+04  .1827E+03   .9756503  .2184400  .0197588
T  850  9 .8201039E+07   2136034E-02  .3970E+04 -.2355E+03   .9766238  .2143404 -.0162511
T  851  9 .8199919E+07   2134683E-02  .3720E+04 -.1833E+03   .9869591  .1595783 -.0211298
T  852  9 .8158541E+07   2135510E-02  .3718E+04  .8656E+02   .9868123  .1618382  .0031300
T  853  9 .8168331E+07   2134576E-02  .4144E+04  .1280E+02   .9790021  .2037712  .0056735
T  854  9 .8131901E+07   2147836E-02  .3496E+04 -.6456E+02   .9883373  .1521073 -.0072660
T  855  9 .8188374E+07   2137459E-02  .3676E+04 -.7449E+02   .9848927  .1727368 -.0121845
T  856  9 .8121733E+07   2136242E-02  .3698E+04 -.3069E+02   .9852143  .1713227 -.0011173
T  857  9 .8246658E+07   2150108E-02  .3834E+04  .7678E+02   .9829407  .1839229 -.0001347
T  858  9 .8255099E+07   2143336E-02  .3929E+04 -.9833E+01   .9828917  .1841241 -.0047056
T  859  9 .8208847E+07   2134569E-02  .3854E+04  .9438E+02   .9814804  .1915624  .0003898
T  860  9 .8233518E+07   2149083E-02  .3711E+04  .1204E+02   .9853224  .1706979  .0014244
T  861  9 .8208794E+07   2137747E-02  .3591E+04 -.1721E+03   .9885388  .1502927 -.0142534
T  862  9 .8224204E+07   2138593E-02  .3969E+04  .1765E+03   .9826301  .1855532 -.0028372
T  863  9 .8232588E+07   2142131E-02  .3601E+04 -.4565E+02   .9864448  .1639663 -.0064581
T  864  9 .8286089E+07   2145086E-02  .3762E+04 -.1738E+03   .9842524  .1765371 -.0090517
T  865  9 .8197784E+07   2142572E-02  .3792E+04 -.4652E+02   .9842812  .1763228 -.0100360
T  866  9 .8150113E+07   2135574E-02  .3739E+04 -.9068E+02   .9845775  .1749479 -.0005680
T  867  9 .8207138E+07   2140436E-02  .3677E+04  .2330E+03   .9865837  .1617708  .0219719
T  868  9 .8249761E+07   2136775E-02  .3566E+04  .1246E+02   .9879353  .1545487  .0099287
T  869  9 .8130071E+07   2136767E-02  .3952E+04 -.1421E+02   .9830266  .1834617  .0006662
T  870  9 .8132953E+07   2147182E-02  .3699E+04 -.4173E+02   .9850753  .1718329  .0100004
T  871  9 .8194222E+07   2137885E-02  .3815E+04  .1930E+03   .9838702  .1780283  .0174767
T  872  9 .8248898E+07   2140773E-02  .3841E+04  .1423E+03   .9846728  .1741116  .0102286
T  873  9 .8149992E+07   2140634E-02  .3871E+04 -.6599E+02   .9834854  .1809189  .0049739
T  874  9 .8084974E+07   2142154E-02  .3781E+04 -.1495E+03   .9849268  .1697535 -.0332097
T  875  9 .8276856E+07   2150305E-02  .3843E+04  .1306E+03   .9850497  .1720444  .0088169
T  876  9 .8061675E+07   2148559E-02  .4049E+04 -.9154E+02   .9756050  .2195212  .0023056
T  877  9 .8155962E+07   2139512E-02  .3976E+04 -.1453E+03   .9829082  .1837525 -.0112463
T  878  9 .8289779E+07   2131025E-02  .3659E+04 -.2451E+03   .9823707  .1859631 -.0191182
T  879  9 .8039155E+07   2135137E-02  .3809E+04 -.1531E+03   .9842211  .1767910 -.0073324
T  880  9 .8311259E+07   2147088E-02  .3868E+04 -.2438E+02   .9841760  .1770204 -.0078294
T  881  9 .8181247E+07   2143560E-02  .3599E+04  .6076E+03   .9869362  .1547341  .0448810
T  882  9 .8240378E+07   2141548E-02  .3751E+04 -.8062E+02   .9846880  .1739137 -.0119803
T  883  9 .8061808E+07   2138710E-02  .3756E+04  .1318E+03   .9838888  .1772194  .0235824
T  884  9 .8183409E+07   2148259E-02  .3590E+04 -.1232E+02   .9862296  .1653575  .0028390
T  885  9 .8217944E+07   2137429E-02  .3892E+04 -.1176E+03   .9832463  .1822560 -.0030645
T  886  9 .8252990E+07   2138368E-02  .3812E+04 -.4665E+02   .9854145  .1701103 -.0045661
T  887  9 .8297379E+07   2144562E-02  .3812E+04 -.1084E+03   .9835543  .1798519 -.0165622
T  888  9 .8242394E+07   2143425E-02  .3713E+04 -.8301E+02   .9851463  .1716100 -.0060593
T  889  9 .8239075E+07   2134361E-02  .3909E+04 -.1313E+03   .9821230  .1876151 -.0153304
T  890  9 .8170002E+07   2138036E-02  .3817E+04 -.5161E+02   .9843418  .1761606 -.0062212
T  891  9 .8241724E+07   2145838E-02  .3887E+04 -.8202E+02   .9837151  .1797020 -.0034409
T  892  9 .8120021E+07   2142183E-02  .3771E+04  .1244E+03   .9815777  .1909450  .0067308
T  893  9 .8180180E+07   2135750E-02  .3780E+04  .5667E+02   .9838830  .1786866  .0067315
T  894  9 .8224219E+07   2135839E-02  .3730E+04  .2831E+03   .9856711  .1671891  .0223690
T  895  9 .8225415E+07   2146304E-02  .3878E+04 -.1309E+02   .9837301  .1793768  .0099562
T  896  9 .8188707E+07   2136080E-02  .3826E+04 -.2638E+03   .9805163  .1920418 -.0413236
T  897  9 .8219765E+07   2135915E-02  .3887E+04  .4218E+03   .9831149  .1805143  .0299954
T  898  9 .8225378E+07   2141291E-02  .3729E+04  .2287E+03   .9840868  .1758976  .0251626
T  899  9 .8289543E+07   2141802E-02  .3731E+04 -.4215E+02   .9863004  .1647436 -.0084311
T  900  9 .8275675E+07   2140351E-02  .3676E+04 -.2430E+02   .9864847  .1638498 -.0010847
T  901  9 .8239033E+07   2136828E-02  .3679E+04 -.5270E+02   .9855297  .1694855 -.0024230
T  902  9 .8354466E+07   2137048E-02  .4037E+04  .6628E+02   .9805871  .1959836  .0062808
T  903  9 .8233701E+07   2137394E-02  .3866E+04 -.5161E+02   .9840368  .1778269 -.0070176
T  904  9 .8219821E+07   2134725E-02  .3889E+04  .1154E+03   .9808603  .1937548  .0192939
T  905  9 .8184456E+07   2136778E-02  .3899E+04  .7293E+01   .9833634  .1816450 -.0012628
T  906  9 .8175081E+07   2143313E-02  .3744E+04  .1644E+03   .9866627  .1617533  .0182360
T  907  9 .8154678E+07   2146289E-02  .3678E+04  .2730E+03   .9853455  .1692104  .0214963
T  908  9 .8213200E+07   2139608E-02  .3868E+04  .1367E+03   .9837772  .1791355  .0096353
T  909  9 .8179057E+07   2139253E-02  .3642E+04 -.4080E+02   .9857691  .1678676 -.0089245
T  910  9 .8193820E+07   2149546E-02  .3950E+04  .5924E+02   .9845593  .1750333 -.0025009
T  911  9 .8234118E+07   2140143E-02  .3559E+04 -.6690E+02   .9867850  .1618737 -.0072355
T  912  9 .8201321E+07   2145453E-02  .3813E+04  .4514E+02   .9842015  .1770490  .0010029
T  913  9 .8084222E+07   2143621E-02  .3846E+04 -.1317E+03   .9827830  .1847428  .0027620
T  914  9 .8142471E+07   2144767E-02  .3626E+04  .5679E+02   .9865081  .1609055  .0301846
T  915  9 .8182493E+07   2137797E-02  .3848E+04 -.1500E+03   .9809723  .1934305 -.0166702
T  916  9 .8284585E+07   2146127E-02  .3659E+04 -.2124E+02   .9874439  .1577695  .0079561
T  917  9 .8284087E+07   2149771E-02  .3784E+04 -.1038E+03   .9835870  .1799963 -.0125659
T  918  9 .8155921E+07   2148050E-02  .3744E+04  .5633E+02   .9859253  .1670195  .0074647
T  919  9 .8169852E+07   2148344E-02  .3790E+04  .1400E+03   .9846784  .1741474  .0090019
T  920  9 .8297156E+07   2131035E-02  .3672E+04 -.5581E+02   .9833557  .1815809 -.0063144
T  921  9 .8241219E+07   2144112E-02  .3607E+04  .1017E+03   .9873510  .1583879 -.0071626
T  922  9 .8212520E+07   2139701E-02  .3720E+04  .1519E+03   .9846185  .1746798  .0036580
T  923  9 .8177910E+07   2135374E-02  .3928E+04  .5256E+02   .9828690  .1842800  .0030603
T  924  9 .8170896E+07   2137227E-02  .3867E+04 -.4999E+03   .9846856  .1718214 -.0295253
T  925  9 .8248933E+07   2142007E-02  .3763E+04  .2988E+01   .9842617  .1766115 -.0060985
T  926  9 .8202125E+07   2144579E-02  .3887E+04  .6997E+02   .9841770  .1771151  .0050817
T  927  9 .8044245E+07   2147324E-02  .3979E+04 -.1106E+03   .9825597  .1859316 -.0024284
T  928  9 .8199027E+07   2134704E-02  .3728E+04 -.9544E+01   .9839998  .1780498  .0065293
T  929  9 .8197462E+07   2135809E-02  .3847E+04 -.1698E+02   .9843786  .1760435  .0027372
T  930  9 .8206844E+07   2136054E-02  .3785E+04 -.2882E+02   .9845617  .1749071  .0067651
T  931  9 .8220603E+07   2136660E-02  .3735E+04  .8822E+02   .9845283  .1751843 -.0038142
T  932  9 .8228101E+07   2147787E-02  .3883E+04  .7256E+02   .9836266  .1801898 -.0032280
T  933  9 .8270095E+07   2143291E-02  .3854E+04  .3654E+01   .9808387  .1946344  .0085408
T  934  9 .8146470E+07   2135441E-02  .3755E+04 -.2870E+03   .9863134  .1645781 -.0099908
T  935  9 .8238942E+07   2142789E-02  .3902E+04 -.2471E+